20
0 0 0
0 1 16
0 2 7
0 3 13
0 4 17
0 5 14
0 6 17
0 7 4
0 8 1
0 9 16
0 10 1
0 11 2
0 12 7
0 13 19
0 14 10
0 15 12
0 16 6
0 17 19
0 18 2
0 19 16
1 0 16
1 1 0
1 2 5
1 3 18
1 4 3
1 5 14
1 6 4
1 7 11
1 8 2
1 9 16
1 10 6
1 11 2
1 12 16
1 13 4
1 14 3
1 15 3
1 16 14
1 17 4
1 18 13
1 19 8
2 0 7
2 1 5
2 2 0
2 3 6
2 4 1
2 5 14
2 6 1
2 7 10
2 8 11
2 9 19
2 10 17
2 11 15
2 12 2
2 13 19
2 14 8
2 15 13
2 16 16
2 17 17
2 18 7
2 19 19
3 0 13
3 1 18
3 2 6
3 3 0
3 4 10
3 5 3
3 6 11
3 7 11
3 8 10
3 9 1
3 10 3
3 11 10
3 12 15
3 13 5
3 14 11
3 15 16
3 16 9
3 17 12
3 18 15
3 19 9
4 0 17
4 1 3
4 2 1
4 3 10
4 4 0
4 5 13
4 6 17
4 7 19
4 8 4
4 9 12
4 10 1
4 11 9
4 12 9
4 13 8
4 14 3
4 15 19
4 16 19
4 17 18
4 18 2
4 19 6
5 0 14
5 1 14
5 2 14
5 3 3
5 4 13
5 5 0
5 6 11
5 7 16
5 8 13
5 9 6
5 10 11
5 11 15
5 12 4
5 13 5
5 14 8
5 15 2
5 16 19
5 17 14
5 18 17
5 19 6
6 0 17
6 1 4
6 2 1
6 3 11
6 4 17
6 5 11
6 6 0
6 7 18
6 8 4
6 9 1
6 10 13
6 11 5
6 12 6
6 13 18
6 14 11
6 15 11
6 16 7
6 17 18
6 18 9
6 19 3
7 0 4
7 1 11
7 2 10
7 3 11
7 4 19
7 5 16
7 6 18
7 7 0
7 8 16
7 9 13
7 10 7
7 11 10
7 12 7
7 13 8
7 14 9
7 15 12
7 16 16
7 17 14
7 18 9
7 19 9
8 0 1
8 1 2
8 2 11
8 3 10
8 4 4
8 5 13
8 6 4
8 7 16
8 8 0
8 9 13
8 10 6
8 11 11
8 12 11
8 13 8
8 14 14
8 15 3
8 16 16
8 17 15
8 18 4
8 19 2
9 0 16
9 1 16
9 2 19
9 3 1
9 4 12
9 5 6
9 6 1
9 7 13
9 8 13
9 9 0
9 10 15
9 11 2
9 12 6
9 13 13
9 14 15
9 15 15
9 16 18
9 17 15
9 18 13
9 19 15
10 0 1
10 1 6
10 2 17
10 3 3
10 4 1
10 5 11
10 6 13
10 7 7
10 8 6
10 9 15
10 10 0
10 11 17
10 12 18
10 13 4
10 14 12
10 15 7
10 16 17
10 17 10
10 18 16
10 19 7
11 0 2
11 1 2
11 2 15
11 3 10
11 4 9
11 5 15
11 6 5
11 7 10
11 8 11
11 9 2
11 10 17
11 11 0
11 12 10
11 13 5
11 14 12
11 15 14
11 16 2
11 17 11
11 18 3
11 19 1
12 0 7
12 1 16
12 2 2
12 3 15
12 4 9
12 5 4
12 6 6
12 7 7
12 8 11
12 9 6
12 10 18
12 11 10
12 12 0
12 13 11
12 14 12
12 15 6
12 16 8
12 17 19
12 18 19
12 19 8
13 0 19
13 1 4
13 2 19
13 3 5
13 4 8
13 5 5
13 6 18
13 7 8
13 8 8
13 9 13
13 10 4
13 11 5
13 12 11
13 13 0
13 14 17
13 15 6
13 16 12
13 17 18
13 18 2
13 19 6
14 0 10
14 1 3
14 2 8
14 3 11
14 4 3
14 5 8
14 6 11
14 7 9
14 8 14
14 9 15
14 10 12
14 11 12
14 12 12
14 13 17
14 14 0
14 15 1
14 16 16
14 17 17
14 18 7
14 19 19
15 0 12
15 1 3
15 2 13
15 3 16
15 4 19
15 5 2
15 6 11
15 7 12
15 8 3
15 9 15
15 10 7
15 11 14
15 12 6
15 13 6
15 14 1
15 15 0
15 16 6
15 17 15
15 18 8
15 19 1
16 0 6
16 1 14
16 2 16
16 3 9
16 4 19
16 5 19
16 6 7
16 7 16
16 8 16
16 9 18
16 10 17
16 11 2
16 12 8
16 13 12
16 14 16
16 15 6
16 16 0
16 17 6
16 18 4
16 19 15
17 0 19
17 1 4
17 2 17
17 3 12
17 4 18
17 5 14
17 6 18
17 7 14
17 8 15
17 9 15
17 10 10
17 11 11
17 12 19
17 13 18
17 14 17
17 15 15
17 16 6
17 17 0
17 18 1
17 19 15
18 0 2
18 1 13
18 2 7
18 3 15
18 4 2
18 5 17
18 6 9
18 7 9
18 8 4
18 9 13
18 10 16
18 11 3
18 12 19
18 13 2
18 14 7
18 15 8
18 16 4
18 17 1
18 18 0
18 19 5
19 0 16
19 1 8
19 2 19
19 3 9
19 4 6
19 5 6
19 6 3
19 7 9
19 8 2
19 9 15
19 10 7
19 11 1
19 12 8
19 13 6
19 14 19
19 15 1
19 16 15
19 17 15
19 18 5
19 19 0
