71480
19165
53050
24969
94819
12651
48627
4548
34568
88865
55388
81867
11166
19512
63262
2923
41308
2261
77646
66186
47065
72199
20000
81229
26355
50268
3322
77635
52427
42751
46051
90226
97293
9298
23098
68188
45805
34723
78818
82829
55533
70863
16699
73316
58843
17520
88876
89148
75031
82308
71228
6902
66994
49884
14913
48484
64755
99709
10416
23956
20019
51478
86066
95959
12648
58143
56247
11949
88286
38442
92260
72079
16769
43881
73928
40953
72280
87516
73869
81490
16747
60340
778
42777
15589
52137
10613
81102
22516
13013
69142
30650
40013
49131
32502
73083
55277
38295
60534
81680
97115
34868
14525
73950
44521
1156
42857
7005
99896
30255
84966
98242
33307
62331
81724
41065
5876
91235
42658
57982
95963
4408
75089
98248
15229
40529
19092
60467
66049
15824
7835
34969
31814
99795
73647
90797
54408
80179
69952
11299
49729
11229
40890
39647
50732
83883
50901
8729
79300
2526
83084
72361
90764
51897
57893
39572
61160
58045
23695
14835
38760
52349
60426
65789
43588
45917
40544
17841
23331
21292
86738
14114
16534
18811
41389
25374
88065
94937
37467
25501
74842
50796
8725
51523
2858
26990
97686
25521
38384
20578
39179
59087
38917
69521
9127
45550
18106
57030
58803
38781
413
9346
23778
94891
87675
52284
2851
12723
31135
41305
34544
99145
1048
16772
76995
23839
11225
98538
92200
93876
45370
884
41933
82266
18876
32194
79317
18914
70730
53153
34604
35878
17051
15112
17302
17587
43827
9269
73153
6577
89929
35807
9656
15569
98724
69079
83641
65522
38782
68864
34590
66703
82667
37416
41335
33001
3858
92098
81241
83596
90106
81218
65072
70784
17760
90836
75440
6351
54820
53977
22281
48205
32356
66367
64953
56425
59360
34587
95259
7279
41469
89670
5437
27000
12069
56401
8623
68367
7019
86695
81015
10464
17836
22206
61346
10655
24721
29048
629
4177
2993
32028
59362
46747
67028
93708
3509
98982
12210
85028
49326
59052
49113
57390
61001
71234
34349
54788
55897
76097
49994
80291
32275
13042
12998
56552
26438
94198
6769
26474
59049
11087
18046
67987
58157
40495
84187
82364
76241
83483
38172
91172
10741
92763
65303
6573
1062
41249
45608
24244
58039
68563
26964
93035
92049
8246
16266
78708
42273
73817
31141
78492
18799
3388
24943
58513
47344
98972
82144
35746
22321
77244
34084
93298
94004
23024
4570
31768
65719
93705
81368
72501
28559
53880
57836
6771
33748
75585
33470
37271
80694
64990
54257
76803
38893
32460
34120
99179
54542
22102
64421
1009
88313
89885
20172
86367
29327
51521
39527
56481
64609
3598
21059
83868
52804
7717
88727
24175
93441
9478
67812
24260
41897
59159
26072
90483
41445
39220
79341
23252
15115
98419
42543
27038
4332
70834
14266
8929
8843
72863
83425
99837
65896
1540
11051
28029
91450
42350
75896
90291
96892
33560
91650
89968
27518
3609
53599
97408
51036
29862
30562
6848
71211
91173
42241
90334
95536
21487
67409
75660
74859
76833
49965
37471
66736
63360
86454
91658
8662
23590
69812
30866
85288
60941
93979
90606
46810
15927
41513
33662
2806
1880
56331
2404
33683
50784
13407
10499
77671
26121
15284
1043
8339
64921
97582
80253
43645
51700
91334
89145
3227
37794
51854
22274
72683
49144
56786
59635
55584
49094
61114
95201
48534
47708
41068
91348
66950
8026
12654
80802
91733
95570
40105
81162
41192
26780
69225
27114
98802
89814
64993
32606
17197
53910
81835
10934
53063
66414
37933
81074
77300
21978
78135
70076
66049
41352
21065
61314
4041
73413
36786
22927
4448
78720
50195
48389
52428
16510
258
86650
18964
56537
26666
13708
92785
37493
52879
29729
20897
3649
64655
19199
42458
51398
41604
92101
50267
86287
59014
4452
35518
17333
81710
7742
15146
6886
35446
22553
53542
54258
52668
7424
15847
46161
60868
42903
94186
27060
57117
33112
24957
14055
21020
82927
90007
35135
51684
76014
23912
97286
19016
23918
61291
25568
68615
82019
95769
18584
40470
80282
8695
45901
51995
93393
93583
84083
99285
67764
92124
58631
54969
9072
51966
33010
25880
28341
58126
25
33852
88557
78924
41631
14705
94163
81716
35544
42752
93873
49838
20971
80918
39067
62373
75202
3396
77090
83183
87217
70592
1558
13323
7329
42664
13563
45418
7416
55718
66982
33251
84647
61231
35636
55786
83440
39622
13063
69819
93265
41374
76990
95760
95185
77500
75856
65363
50534
72059
94277
51245
321
65065
94449
21884
58935
54158
63566
3267
72556
90700
24853
39419
23582
85154
18104
35303
18187
72587
5951
82822
96640
36164
15325
45186
89312
82219
11310
61029
89485
11939
18255
77547
58838
30643
96698
61810
62012
28590
99773
57966
87490
58445
25430
38681
29778
93753
70925
86535
93990
30725
59854
36536
41241
91991
48353
23943
40779
73255
12232
51679
39786
44384
44692
57838
11300
20260
21092
49681
64710
30381
29916
6446
52559
64525
7038
84417
62134
95126
70951
76238
43220
48438
36680
88245
83280
83803
25983
8164
49894
58420
90482
74278
74611
46711
1512
89977
51903
36031
24420
97662
30247
82030
21599
4201
36357
87984
45984
3959
58495
99616
93498
34464
78857
69443
36738
96930
57848
31730
36716
82845
33765
79958
21953
43677
87705
78092
27551
36210
61691
90120
22765
66523
67891
35093
24825
40129
31994
30874
17840
52352
39392
90169
55770
65312
4954
15697
43087
24674
96134
25155
83578
82901
16892
13457
29320
83177
48435
99042
59917
19739
78156
97059
62324
49006
64639
35624
47808
46555
41057
16463
75171
42591
6127
40869
25434
62899
24537
85730
43268
2841
99790
34160
69790
23954
98367
31625
50268
75436
73011
6206
4581
28249
71559
51924
20268
36027
10367
29672
60582
86235
54158
8755
85421
16184
95134
25449
65104
58013
76092
13532
88468
35660
77795
8061
63020
82902
41283
64066
85840
86252
53742
995
68509
53616
33311
50655
79369
78628
60167
28668
82721
27364
24597
76907
83361
39248
44929
90313
9263
51745
71254
40481
44532
68573
9658
12271
3960
66342
56987
89217
52505
70316
24599
2454
56775
56803
23912
83656
83616
14543
90154
47557
18979
26396
22250
68377
32755
4330
82861
68488
11690
28869
91899
62295
60279
12242
22054
84938
9845
63366
7770
36744
63402
86321
97379
28570
45689
48823
29174
89779
65700
41439
53981
37418
11745
33445
31522
92386
53528
10602
93622
21610
88854
9131
53855
41856
33329
82255
4380
31921
20409
86201
73591
7644
62359
26750
87014
5460
10213
15120
94237
12516
73737
40313
87539
90829
57775
72804
78575
12106
41795
46004
7568
8373
86632
63832
66486
46114
56759
41654
57872
27081
77143
11589
53571
86561
72629
91607
74771
10408
5376
39666
49521
34815
51620
9088
94241
58066
23490
78748
18983
63509
71752
67885
67022
66538
75698
50192
75252
81568
45020
10125
16342
63477
22978
93644
64243
39099
12855
91296
56831
11961
52926
5185
47175
85288
36841
46360
29435
1470
42795
39155
72893
32008
23132
1944
18053
83055
86601
45590
96366
70173
95413
61527
33185
13658
37168
10162
90812
52303
46001
77086
18174
40107
211
44032
24049
53859
11946
32773
49045
62516
64417
94411
51429
8581
90514
19545
76456
14216
6209
66896
5495
42079
8693
67961
7302
88027
76115
31357
98672
90943
11864
86260
6307
40931
84307
97909
89637
78805
4286
7820
57346
99769
96215
96969
99795
67217
3743
53461
35565
61208
81134
22368
16675
85129
94288
17718
73400
4189
61984
87440
67141
33456
74304
62022
30307
92165
50130
44578
42422
43232
43158
78863
51671
55889
897
87825
47964
7377
77366
91983
19333
10180
66179
15947
98918
9310
38427
14354
51340
5315
30091
9582
18030
38151
55836
73624
77938
3220
73796
17067
60248
77545
12424
94773
49895
95519
86834
21063
92530
66823
38475
58635
4295
62287
63414
49524
48436
2564
4041
11281
90678
2066
24072
53372
46303
21766
64928
43951
56195
27060
92796
6230
70048
38644
44168
98943
49447
6824
84864
5326
37099
66777
52755
23085
57861
11902
55322
79489
33153
19774
77231
65848
6953
13
15243
28350
29228
72083
98080
42734
875
56554
70352
6725
73344
74982
77000
14227
32619
37423
87485
22283
83962
9193
57857
14010
94548
63861
10338
85716
94722
61232
96448
28937
33306
68857
69736
42743
92330
1808
50961
54521
9566
81722
37650
46365
69358
53889
84351
23604
7174
14104
72158
84034
78643
40957
98762
10325
81255
98871
37188
45778
51754
66046
44592
15691
92765
58777
41715
56172
31819
5699
2439
97813
60015
49703
33784
6050
66588
76651
71166
35590
91373
96937
21592
65623
25866
4791
35873
38146
11411
28904
91474
23487
13388
49740
72884
50111
38693
62354
12480
11074
44773
8014
58612
66117
35571
16438
58164
94136
8352
52070
24251
57966
83348
78787
62717
7309
25683
20605
20507
60582
9932
84397
96481
9822
45022
69374
5887
5259
32264
58216
4706
43162
84971
96855
53391
3821
19645
70250
20635
25858
37741
59671
92650
41774
42190
43148
15234
79370
93603
22737
79595
40547
57989
5898
20005
29141
40596
152
27366
51922
88087
94590
46351
66843
91889
83424
9065
22225
46307
79848
36769
4358
91000
89635
10974
33645
22576
45352
62619
63824
22892
60345
96709
96415
66835
18466
79858
14118
50816
41438
12700
84632
89577
76600
73209
74248
78059
28047
2488
83094
36247
63283
22746
47014
66803
84940
32651
47436
84622
3035
16348
82339
10756
70039
89726
63390
51306
79705
5404
31510
50647
83316
29557
7105
70576
42523
48437
76516
54990
94887
9488
55071
74413
81328
82586
40423
5715
14968
57061
78801
40923
97415
98808
10249
26686
95313
82921
82306
21566
57716
11415
23816
93550
67966
63110
95026
88736
40011
20727
7764
4876
38827
52996
86672
38426
37346
29557
7980
27309
31178
33890
39071
13420
43571
55909
32964
46574
27274
8410
75921
25474
31735
60663
69058
74168
95232
13282
14
61391
64235
34035
22236
54395
51873
64008
88622
34066
65102
18175
11770
13940
54245
75827
79226
11093
93537
21077
74042
94409
43110
20262
38159
5418
42821
8015
74694
10473
43134
16542
34714
91279
90336
74077
3199
26990
96428
13552
30876
16137
24952
24843
26806
33948
14351
52270
36966
31945
90165
8958
65645
17025
84104
87009
58014
42252
65347
96789
87769
67061
94204
19597
78936
76788
36973
17321
48675
50073
10672
55601
98046
50
38915
39087
51458
9625
33611
20294
22920
87709
2868
93202
90657
97260
43958
47773
74660
62746
61236
87547
24735
48848
29598
30468
34222
24627
91479
395
52554
38832
70001
75583
77752
75138
30355
5309
61314
44735
98140
56752
60771
20133
83298
30311
65308
38524
435
10321
85444
1448
5949
22807
46428
84974
61737
39701
66752
47008
80577
41047
78905
34951
85970
49837
72783
8684
40909
7850
77212
29507
23208
9407
19356
36212
15490
53103
29920
16711
55427
34734
64962
7820
80865
58779
9331
66756
18367
98839
15024
48687
71888
81409
31667
5587
94009
76079
48070
17093
48245
88331
60338
68696
38834
65543
31381
57023
57016
24703
94642
38112
85642
71594
22563
58712
70117
14780
39977
94085
81509
69019
20484
60147
19111
46332
52126
48198
64169
67642
99585
13313
44718
89938
92585
56305
19422
41501
36820
14426
38121
45803
93302
15611
34412
69432
70922
34368
56524
87790
69282
39396
77823
46968
21023
62529
88939
76861
7996
37398
82406
14945
58053
54100
2396
70484
63845
7972
68431
4149
29277
30552
2809
89735
94128
32653
48717
38573
82107
95994
40219
23045
44738
38327
91154
75583
83781
76941
64351
60537
65010
44950
22196
47224
116
78001
31685
5925
42666
87172
96139
96929
77970
94222
77099
58118
98467
11016
22737
66012
72954
14263
38133
29653
13228
67122
91904
97318
70011
27274
80584
38722
15524
69082
84791
26900
41493
12364
40778
28057
26811
7334
34197
83383
87289
85551
89924
62430
83797
13538
70268
37626
76044
62926
8063
84946
85478
92007
88591
94048
88292
83757
35594
41581
2198
35062
49939
93256
6761
22011
23313
7395
71517
60476
45169
58763
60885
1265
94151
93442
32840
36174
54610
60474
23636
48881
68061
69392
36530
90859
65409
37026
10628
14601
69672
78
4363
41567
26060
40649
28310
55856
48734
66457
64948
72700
87107
31952
74410
40774
87417
2117
88736
67712
61783
10672
51798
72757
91346
22946
55157
99667
56444
70495
13376
16500
50374
40345
17576
9127
27238
95082
58398
6272
95316
89166
68772
67960
52975
57242
85501
11202
14845
31901
65507
71532
84047
44881
50199
42318
31138
13726
11058
92914
71298
58220
97402
6047
59305
82114
59377
58020
35205
8960
92136
80862
18616
95253
51216
60582
48761
34526
64977
95066
59000
13404
66323
69606
61214
41136
15738
85551
2770
80950
72879
7004
93849
96380
31192
37185
53397
5053
90250
4585
37198
52318
18037
70623
99054
90659
54430
5113
15621
65007
21898
49474
24301
12375
75317
64899
66856
52354
49955
29165
28422
21024
44014
1381
14179
20195
7774
14156
44397
39294
6070
56170
79619
42360
68811
65111
88440
53997
3376
56678
7063
20610
11468
20814
77857
70882
55309
13173
17714
36346
29462
29595
57377
98830
12756
40673
49990
13398
73646
32373
16374
18200
98587
55323
52297
67587
43117
27513
86589
64421
32683
8799
40979
1610
4092
76497
1111
69073
70015
87922
13534
51341
69208
36719
83496
53109
58597
67365
84836
95080
24366
92783
97907
59105
3739
38961
1124
31986
64031
20506
18751
45440
5970
5241
41309
11739
6461
28288
79668
82040
95822
9165
79985
28013
91468
91834
50782
57865
52740
46435
79491
89261
68353
33456
23240
73579
83419
15966
89529
46649
10374
73774
6658
70258
34891
98505
5498
35978
58260
63886
22172
4427
7104
14426
45775
88785
38614
40115
9000
47038
47479
29457
67430
6426
42892
98185
9755
83659
95070
6936
90218
90509
30021
67720
58635
84943
23352
13154
10636
35818
80899
99024
84658
4734
52983
77229
4605
45514
40667
64748
57385
27912
12608
12674
86960
95203
14706
22321
46413
7862
80266
87889
71036
67554
29856
60733
20606
20171
47934
74040
63640
14512
87408
88762
38426
32901
87512
2363
58493
58926
44861
82714
38406
74139
42468
29002
84903
83995
65431
90202
29349
65726
22881
61535
49460
459
80412
14401
78878
59162
45249
39359
2690
81551
7870
26591
27033
2867
78726
85014
18901
60081
98115
45904
34082
56554
77318
99421
55022
92758
28959
58873
41125
68504
75304
83446
4724
4348
11611
96871
40175
94191
66308
47659
97423
7259
77906
852
19635
64894
1927
95732
50855
4646
75150
71172
48834
4555
93452
69232
13417
7688
13679
20705
46321
64856
5187
97544
25890
80617
76035
18756
79798
35520
25261
87921
98497
89193
59054
91789
84267
20152
44541
80200
40280
65313
77764
92071
43945
23504
93176
87349
96092
2150
60233
14055
61614
52562
44821
44746
52128
88999
52344
92460
1623
96319
45950
81699
67677
94188
22200
24030
90182
6838
48045
66598
11885
11735
28808
39536
54780
73519
47183
37762
4171
56996
82292
42015
25823
47129
10116
80913
30708
41578
65276
78770
33525
77185
70140
90231
93768
12217
64788
10650
32007
28557
59578
73314
95400
28603
2718
60593
99871
71578
67605
46730
26009
29013
12017
37308
97289
67
36658
66064
18144
42340
45813
38635
63573
28539
63562
31712
87172
2243
69060
83477
32019
70575
53322
40592
78863
52065
36298
607
85333
22310
84397
56609
56012
13101
10310
86227
63792
39458
5508
32091
15402
44908
93446
37610
66362
78015
83630
90834
25719
33534
48814
2405
15181
60241
63455
93349
63077
64414
25105
5325
99266
21159
37949
62843
88455
76481
16342
31416
98039
92908
35133
87142
11668
94163
76724
8325
53769
86690
12266
7681
48291
33439
20821
81756
44058
31623
84990
64403
97453
36038
65494
53744
21611
88113
56775
48396
77198
48260
9029
66398
45826
85619
77539
47557
82308
65935
35905
29134
93829
86648
48515
36866
99726
1689
28286
95662
93789
97828
69835
46992
55405
62123
84158
27132
23988
39224
14960
14057
52165
13738
62519
45434
19510
53549
66072
24716
91613
57876
40243
79033
92403
61845
2749
91687
54330
43745
74507
16849
21531
80382
10858
91343
70984
30275
29675
43460
15808
86800
47643
42660
85360
69736
58897
97696
29815
60620
18369
39440
51618
45685
49262
76059
75670
48685
63228
22054
8909
88906
6690
3607
74071
64520
99166
97828
16961
64642
611
77053
49555
64813
58830
4467
46356
11697
80438
91363
88360
20325
38146
40355
36665
90534
94068
57352
82579
8819
84387
26482
38057
62056
79142
34644
57206
56821
3980
86884
11454
84603
2921
9051
3155
46498
19947
51177
76499
85594
44619
54872
95694
52204
6718
66171
82949
28187
11723
93652
10958
56253
47479
1631
18964
3696
99324
90238
10587
88891
64088
97
80450
56322
60258
32273
56097
87173
80855
49210
48818
37014
62066
11603
5708
89877
89723
46507
426
42026
1526
94514
22634
23965
88220
22145
51185
96437
84103
3271
44331
23372
45286
25233
32529
77100
37233
85012
95491
12072
84182
99738
83125
90457
28465
4423
35303
80564
35451
46631
31339
3300
67065
64311
18571
66601
37046
27212
62275
5196
747
69155
46506
87773
78586
5254
75022
34348
99226
73816
10205
76577
95884
50814
12224
29592
84684
70153
72450
46844
86499
99812
88398
58815
61945
18134
56662
55507
71656
2837
59344
58440
87308
25640
3323
94275
33591
20342
7775
13719
17857
41552
18707
22402
53596
61656
68728
87591
27205
85645
94914
41795
83030
99924
59702
87726
39513
30244
72239
40656
49463
54478
66459
41246
3023
27976
41154
54640
17922
2964
40103
18336
13002
55281
84999
6176
63915
42686
94047
38424
6914
96486
50890
17307
95706
16269
22247
73062
8157
73237
10425
88564
54216
91757
89736
29409
76343
22903
28421
15705
82879
27828
38186
82459
24122
77775
82720
23983
37597
96771
44090
67425
41702
969
72319
34842
52113
1346
40421
24122
19530
44477
57432
38036
69692
3525
53819
71845
3112
70826
68485
86194
18674
67595
42828
16381
50837
71421
32864
24643
18966
21755
8333
24566
35669
67626
46340
56658
74624
88135
7668
64542
64227
63119
18290
48257
4058
63242
15095
10271
53063
68693
36072
53294
6846
54283
86833
94809
24701
53072
73323
20848
73369
77722
19933
22410
77556
73436
3070
44888
62699
45744
73144
87591
69580
72640
97288
81074
55748
22832
46306
81762
97526
82700
19154
59747
80488
26570
31805
25540
81048
34108
65574
85258
17900
52020
81100
69617
96710
26548
28817
59329
52022
8209
91413
26185
68425
13955
84608
75610
97312
53196
63295
60482
45467
67234
55302
65028
39764
99131
69972
30801
80265
56724
35060
80933
42865
87134
97760
98176
49231
9669
97504
46719
18084
63550
44559
93910
86335
51213
51326
40717
68080
75088
41394
29460
47898
62828
24457
19876
58886
81394
30970
72404
29140
35565
34266
44020
11117
22666
9339
40650
92468
89732
40111
24967
93082
12204
36394
67812
19953
41138
99653
39774
15608
20306
41247
58828
45205
94813
17918
77753
81090
38467
84467
24162
49758
95578
19356
46061
29891
85710
31619
35747
7927
17413
85155
13581
56188
40430
73546
96903
13667
14789
34138
42371
17022
28517
89674
83292
50162
32747
49290
64917
74251
83234
84228
55406
17641
13329
445
30562
67801
42493
41882
87680
63486
91036
88128
40804
55374
59319
4180
70674
12921
39355
77409
37518
61700
47357
19031
65946
92084
36071
72464
22029
56262
26980
22479
80013
63804
89123
7330
43657
11633
83947
44422
97237
22125
10332
11849
95074
71796
77021
59946
89433
30328
61544
70396
77268
32111
15342
79850
46842
41952
27848
25205
6261
62807
63067
74777
10866
27800
55303
59662
4436
19248
21613
80233
50421
73606
96474
81314
6010
95601
85620
71921
34897
73955
58047
15218
49162
64227
78861
62919
26959
2457
1888
83549
97633
86786
89021
75302
1841
41987
33583
19877
5848
24858
84757
80585
97044
79983
16425
40401
543
95242
83118
22477
40717
88415
56917
89957
15554
85956
97644
41811
36941
46307
94436
52491
31269
78378
65437
78875
62527
66784
92080
52461
51497
44178
9593
50313
15814
94987
40862
97527
74118
99
91841
5731
10434
54350
80478
20569
61649
87989
62305
94032
75817
32034
71015
54915
33877
78388
95055
22586
3855
8083
20574
13127
8539
15613
31595
29580
5856
28063
41005
24122
18788
72831
44639
72981
6434
73686
40909
57395
10411
38075
69535
73443
32598
71835
59583
89514
4389
34244
20423
57800
96726
85664
7340
29882
31074
37536
18977
47000
64726
84174
17130
25694
17323
49764
20350
54024
66212
74906
26551
45271
99011
62298
27610
14128
12457
42320
18973
36004
31529
12798
61850
61642
76007
30924
93967
46695
63154
29020
25614
22288
23674
64604
84232
98407
43280
18164
10577
96161
75162
22335
38992
76232
52975
598
81190
34588
45781
47304
51768
63924
4596
46726
86522
55330
88342
72090
6586
57173
30526
84792
19718
94872
38595
43533
87484
60151
78023
26964
70316
95426
64792
61800
6411
6890
89154
82131
21143
71497
67214
39844
17858
86846
79420
28671
54397
36597
89112
48751
59426
88261
30236
2679
81022
12723
5506
21958
94969
79701
33700
3560
50851
47409
69362
21241
11229
42050
83695
56628
97313
15676
28521
79978
45264
38407
51987
35214
95254
47880
81313
44685
36667
86526
72478
58108
90056
1863
44301
22793
65492
51427
58587
87699
81899
55696
73341
98646
30490
62868
34252
29246
27001
61274
66969
35357
72469
10099
56430
55191
93337
27773
52643
51898
32152
23650
38554
14636
2298
47031
61752
83453
13793
82565
82976
18619
36022
25317
33645
66563
88661
55843
89067
51413
30290
57157
85523
66625
89894
78181
19746
74878
37754
49210
90996
85658
61742
69909
42018
16107
67239
31015
62645
36771
50835
58752
47430
92098
25946
32050
78229
53253
23171
39188
52065
31517
24608
51394
59626
6651
78295
90466
38977
69415
98701
39009
10728
65327
22833
3228
54987
33084
79491
56219
9371
56705
52319
91287
36995
36173
18730
44029
10281
22175
80600
69898
22115
52537
9655
92662
72146
8141
46299
93165
35264
20277
67559
86040
10162
60671
57333
39035
53993
72676
91170
24887
27739
76026
87801
24431
99657
22175
97306
68264
56061
40694
56423
48202
73699
74926
68171
6499
5728
99582
66759
52203
77523
2509
6458
77922
90822
22189
10861
59221
80048
24392
58200
16031
28555
17842
27092
38892
52526
63614
6174
31225
36582
52781
85541
22839
40950
48320
69648
93903
48839
46031
75759
96351
84877
83539
78076
79170
36825
76925
62701
94606
71092
5866
96954
88311
93663
17357
74565
2769
55908
66732
79051
37171
13752
55400
56229
40886
24847
55667
71643
55708
59228
32710
88678
5774
13188
6218
3136
35998
59774
6420
70219
77579
41353
60974
93050
30563
41258
57456
13440
67747
26048
99726
99731
25945
78598
9707
58524
14762
36484
51723
78751
88368
55538
53446
64449
4155
89515
18040
30842
91737
20169
93909
49433
44464
96611
54042
49422
54631
73920
41694
28920
76261
81174
31880
61260
57585
48548
43354
59806
1080
98088
50315
28111
25646
19166
23795
50388
65419
96085
35519
67839
8791
79727
66244
51820
24416
81910
3856
8553
84903
24150
1244
55778
34043
93498
44189
58313
65566
3014
69370
11039
14916
80111
38680
52705
13337
6034
46193
40626
54850
34904
52868
7521
19451
13860
90598
13751
81824
50709
46485
28447
41096
64383
53708
73970
91755
58176
53299
96126
51332
31810
94254
31154
37681
94188
7862
69289
15447
84965
52613
20784
3043
92806
4075
48694
52427
22362
65885
67567
25107
95414
19661
79940
68684
79919
14132
28699
77526
17276
79884
47103
29222
36329
11835
22092
60419
58644
26537
42233
89867
87848
97362
6114
81554
70804
18327
30928
82570
82024
1679
23400
52670
86763
75963
3405
26104
91867
23288
29330
2115
68002
28461
25856
1994
94513
86339
78336
4351
34332
63605
94022
89848
33585
94685
29403
7604
30231
77902
28453
78332
50271
24544
81813
99844
38121
3109
15724
56080
75702
28154
56395
33203
76869
75162
26390
97427
94925
52044
12643
9545
82070
56093
20581
87812
65716
73800
28016
56141
17633
89522
24264
37829
41557
57394
66251
6634
62276
54797
78551
95481
62549
97920
69465
44205
8955
21654
63251
53765
50962
54970
23433
51780
94199
56646
53257
26834
98404
44153
78804
97184
77543
54408
44653
2505
5726
91691
86301
915
40561
37720
82241
36597
87019
6637
31921
61139
32278
55142
23885
2724
2419
25615
80262
62133
76659
60916
78470
90694
72341
94452
13917
89585
23868
86387
73961
14124
11820
30766
4417
71620
95170
94666
25662
43305
50477
53285
91302
38729
35372
88974
92247
79316
77060
95633
81773
20031
58014
32778
69424
87140
55484
54747
68125
20198
82806
30585
78798
80178
68470
62464
66153
55489
10283
92838
28034
2298
30862
62957
60206
98100
38223
96754
65381
83961
94266
78243
68211
54694
49004
56622
89947
17008
70060
39476
92584
81216
96264
10044
30738
82623
15117
84675
33865
32044
74626
6386
52993
61898
40642
61928
48987
93687
52
74230
59499
2231
8553
90697
39115
67216
43505
22050
63228
87373
78874
20834
81875
9286
78566
42113
69288
13271
17127
27485
51223
30252
52698
24272
48336
22302
33214
48314
37377
45527
335
27389
74430
60530
95171
93320
72746
75486
39200
19307
12677
79745
50712
34057
49234
11833
963
99116
65220
83326
82680
9970
94820
94339
95687
85060
30690
66235
6485
36616
10485
78744
20436
24812
82160
90350
44766
86947
70820
69079
97775
67117
98508
60399
99517
11150
86137
40704
94837
55136
7834
28760
47058
79140
5671
63189
64700
98676
53162
53603
36667
97844
35595
81245
63895
57991
41047
77519
30926
74110
70380
64956
59408
299
95620
63995
88187
66644
48059
85724
942
42499
41630
71593
82508
32601
24146
56072
93679
86274
17918
25756
78437
91780
52407
3210
44620
64018
13990
20026
5030
47806
30039
24084
80441
8042
32609
19337
53318
40735
28365
13684
88291
63543
26917
77013
73591
21460
72090
71933
97330
85076
39025
57385
77063
92924
5964
21957
28198
41777
48753
21777
13050
11301
17945
88993
72508
62767
39383
79230
80114
47283
91074
96426
98952
93857
33473
992
83529
8026
40275
64218
2394
54956
13752
65197
97843
43166
91135
99535
59355
97799
45900
27641
6943
56346
6821
27527
52270
36123
4954
61660
81876
79189
73519
17058
48017
73508
7208
50095
89814
16333
2896
43715
7579
2830
98853
51662
32927
63568
72483
74894
60765
16441
52395
27126
27048
74302
21680
66731
72483
87349
11135
11432
76832
67688
49768
79745
33138
58918
39053
29892
90672
72051
37414
7867
99529
39616
75182
36334
76383
94741
52173
26758
65186
61611
79299
82989
64618
74742
92718
208
65551
36864
94648
73126
22376
31729
45697
17738
99231
42601
37668
23812
13518
86160
77096
49063
97464
73220
51877
20371
92998
61746
76785
60378
2588
19169
10535
30368
58872
87911
28178
83739
35718
66943
14075
66266
95715
66802
49421
35810
78156
2738
20737
95188
99905
26118
12299
36554
4796
64927
26176
76992
73576
98410
26755
77583
73440
87230
52106
15316
59718
40053
12529
22608
94556
69271
99931
73704
99202
72913
6081
69165
67212
20613
97497
34198
52223
67291
26339
28297
22121
41941
62674
38649
63834
36417
79318
21640
91459
56199
23330
85614
41353
47202
18943
28946
79685
56044
58636
64917
42907
1873
91632
74862
33557
76933
64190
60719
77020
95378
65636
60199
99891
71434
1168
42849
32623
80859
33950
7306
26967
89536
37571
26640
46932
14548
16271
5381
51380
83361
39491
81571
72002
83991
3695
57962
90138
32376
43590
59492
24651
72751
58913
10569
70701
56161
78284
25630
97404
34205
31441
21913
41745
57773
41343
94815
36955
86958
92214
82351
37823
21819
75666
43543
53129
19365
31410
13828
64846
87008
22980
119
38144
74039
5263
25618
86669
28064
79580
24627
17972
77801
17217
66359
37060
75153
61163
96096
15891
6964
85448
47121
90936
73983
71855
15318
71015
13985
60588
3264
22950
93122
16076
23982
2160
69261
93025
7591
85477
94249
72722
11556
71339
98022
65603
12427
76838
5874
8764
63925
62512
71083
50296
26481
25461
35278
29452
41890
85933
35151
23282
96643
68278
26818
56114
1515
50222
7029
5772
92876
97994
64608
3844
68885
89206
20885
81034
87415
60490
38354
41221
82244
24005
13718
64955
46675
84968
7439
54879
99777
17777
91569
48056
79793
44851
98531
16650
3572
37454
30836
24516
10980
31729
17355
25925
12266
60232
58620
60203
38623
16163
81942
15930
91600
95558
36569
55909
10522
91110
82405
70843
44565
7335
32781
23857
83597
70095
87722
12585
94092
38885
28109
2556
84435
63148
26060
4809
6215
98678
46462
14810
43400
31079
11521
98607
36540
31015
32920
80361
37323
52515
787
8853
60995
69569
42438
30002
24412
84862
156
57825
4150
47847
77764
73
58622
7728
10153
26436
92848
90419
60575
38890
82678
33096
20089
728
50830
55357
92024
94044
69001
24211
11614
43039
93232
93302
65377
63407
13474
98550
34874
76136
43672
98054
16061
93247
88873
78737
63267
79819
13865
90868
57027
36752
58188
43963
51936
53641
82057
24604
80124
26097
22681
59402
55690
15919
57535
81943
12192
80988
17377
5738
2699
48497
43572
53080
17309
10417
41143
76578
5057
75825
63830
83915
26479
9952
76942
83797
11099
91991
86768
71191
19816
21086
44095
97308
70362
9239
87955
22394
13961
6603
16480
43214
74545
11760
53808
70449
90983
24532
17261
32281
78150
58057
16571
74543
20870
25005
41026
45352
66766
28532
32297
64066
60513
24564
3645
55933
46836
74061
64434
78643
39999
71411
65313
22293
81266
83130
20911
82180
93695
72636
26446
48841
32085
98601
3004
58801
59341
89196
73833
39657
15709
36374
3703
19666
32777
33898
13434
48320
45370
18500
90270
84597
47527
82278
18216
66933
6832
81217
37781
33605
28649
49884
81406
13061
23475
87748
76541
80295
9926
37937
4457
74956
59915
20720
80926
45850
26471
58034
21528
1851
79377
7536
99165
88660
41540
76441
6042
8896
36815
89275
56614
87689
54282
30601
40707
21603
1252
39407
29922
62149
81303
99407
82854
8900
59485
99926
73889
51182
18172
44417
37883
66432
22812
38726
99058
66725
55898
2336
12667
74251
65621
538
75973
5859
65925
43735
43006
28469
89899
43324
1520
74526
57604
3451
24227
64871
64247
94301
27814
56355
7950
33098
26824
62212
53761
60792
61889
39739
73549
37614
686
75978
6180
89396
54520
27048
88542
79129
69334
88464
26958
47457
98473
95878
77871
51401
15013
92616
4285
4087
50000
36364
52576
90563
29283
47004
21314
49884
30029
21322
18914
16984
6103
48850
96769
30076
15234
55947
89658
15492
99116
23977
80271
54448
9298
42450
38462
46508
49968
72890
79314
46138
10595
62942
11862
72637
82415
57818
48644
99781
70524
90087
40348
78994
13019
70293
57456
6566
14663
84064
21596
24460
77895
53138
86803
15551
98736
75157
94804
67065
96262
15475
3195
83545
46595
99756
87668
69007
40049
70227
10315
67879
31537
41061
13823
8175
99198
45543
25429
39239
82539
18108
264
16484
7721
74016
54846
4065
28549
25667
65973
71203
5038
72261
30941
57351
72532
41258
10623
73035
21324
51963
92955
49590
93776
78169
53040
10596
43395
25950
92787
19057
6290
10354
95010
97409
22198
79367
36851
55402
75030
96081
56870
71424
35498
23589
93689
49595
61690
42669
72346
36966
41924
97862
33943
44998
56829
36758
42641
86661
21807
55085
39567
56602
26176
27159
42447
63095
80435
9178
98359
82895
21512
65235
48618
46465
6334
79655
97942
64774
84953
8073
67018
34195
9983
93639
6980
2987
7900
12593
92328
2725
66277
71912
1933
56917
71545
54046
274
90265
78340
48239
77678
13058
84061
84955
41157
21021
79823
89760
30870
38877
34645
18704
98577
5031
20926
10068
71206
72090
21681
4541
97721
59961
75146
36098
33713
41878
56769
57179
26960
49052
98956
16217
88828
29305
43003
46463
80412
29958
38657
50273
31775
5205
7890
39480
13621
78710
64168
95168
16257
32582
75328
14670
58598
31220
89633
10384
39583
65681
38428
93987
68715
28116
76367
82635
29701
35111
40324
40499
3057
88753
26263
69505
20563
67617
7668
12885
48985
46195
81566
43966
52633
49762
237
11097
98229
89483
22863
3463
17946
77850
61103
16649
86793
46868
51474
74363
22796
58336
86686
67466
85994
44658
83637
31283
41430
30580
87039
80154
70434
72755
86791
33571
1777
8484
41372
99185
62089
60914
50647
64249
38983
93830
68188
92034
63149
31217
23097
44475
73751
75000
14187
10488
91403
68668
66016
15435
94382
89476
76472
9947
64403
63210
85509
37700
11342
85216
59057
69963
13895
98429
42334
38555
68874
16871
17672
78017
73467
27358
40007
62560
95144
43395
71441
58482
87574
44580
52284
636
36669
41221
72577
36077
31536
85195
42012
37331
88404
52296
20080
26074
63858
98111
16935
29985
61895
81971
26455
85434
76920
44496
43009
86526
33635
2933
35474
90251
65329
17085
21644
91452
51944
40681
26303
49891
2461
74027
28433
29061
74214
54322
62077
17650
92366
87085
24855
84863
64097
49213
37869
96418
38695
51963
91338
21257
46030
70755
94868
75896
26431
84124
4789
93149
56627
26469
41590
23730
40895
1246
85799
78638
53258
45648
51004
88424
5887
66810
5842
85161
54046
57529
54223
66476
83724
39859
26534
24181
93131
68480
67962
41132
53125
50165
18682
10709
59522
57934
40779
68909
30617
2744
87811
6786
38434
22040
10001
31759
41130
33499
34171
14515
75008
56795
88767
33901
54252
34091
38875
50518
17119
79424
10536
47035
35206
7387
81142
3928
74359
7776
73832
71791
7051
30921
85621
72307
9661
92289
73275
63057
1124
62070
48592
6091
67640
15394
47512
43882
56696
31018
27200
53070
19607
54785
81754
9030
43204
11818
77173
68666
63476
63387
64056
41029
90510
8892
51003
88129
99155
72622
32577
98587
66952
15784
51254
59429
56066
57885
50785
21002
7853
26362
48231
7644
6521
57899
20476
3113
42977
85309
44230
64172
52185
85694
55056
44448
28819
84737
25479
37871
55310
86557
91445
13193
14269
53397
29655
98064
81071
42290
49725
63280
27775
17997
51550
22860
74394
65577
30070
97556
2729
81980
79869
5746
41178
97198
94244
52707
95599
59707
42703
29091
35331
53683
75722
55905
43156
62720
11497
12594
28146
3335
55360
12353
12994
31559
82747
54212
19919
97727
21851
73705
86094
21740
57198
81872
92588
93232
66761
29042
90038
57902
76773
12447
70116
95826
45556
63558
67396
86350
30270
85805
95647
90430
93628
57824
94282
79629
72976
86694
63658
85585
20095
59407
58564
71633
43565
16041
81665
75494
17555
19154
11547
42527
46014
29000
34023
44895
62855
35324
75903
1250
34539
1605
68938
25821
88007
74161
38154
60834
38322
79638
38145
65603
44087
15431
33281
62158
16077
56354
48655
90390
57365
88806
10675
60338
36143
55330
28575
90975
52632
64616
60281
45633
52388
21824
98343
78694
11413
37849
8118
36043
42422
85946
11783
20984
20374
68439
59511
23687
15780
44159
81993
70595
1347
54098
25394
7050
77738
12208
21952
20052
57915
90317
21384
31182
29
41888
28395
76959
27193
11898
33156
14668
80526
63636
53904
16470
45041
64994
73627
46433
4324
24932
87235
38032
91601
75802
73515
49868
65124
1911
69726
95780
53955
76463
27518
86222
41802
81674
32776
49451
81159
63450
54182
69000
45071
10857
37521
78880
90651
92236
41824
7680
57411
87252
99889
20771
85044
80963
63187
70971
44017
58139
5838
61681
74244
56530
84368
18820
65407
22530
51508
89453
17300
14141
24913
40419
59853
66173
30396
54554
14152
86905
48987
73511
42483
49684
4104
31326
8832
97616
95997
37308
73285
46592
82114
69153
44883
8059
38321
94485
53808
93932
66530
66891
79123
21669
10840
26467
64892
92052
76647
98089
42157
56302
64832
84154
4265
904
44314
80903
64776
51365
53567
40403
88180
70602
98160
46038
81699
26477
60694
13668
8849
40907
26694
10888
65497
14264
22480
23305
18959
41873
15717
34191
59069
58670
52418
48414
28889
77044
91805
49377
50368
22247
23915
44227
23217
65788
90475
72758
93832
92780
81715
7638
38837
8388
82229
55463
23064
21754
48621
83643
85500
81210
24586
3665
19757
28222
55830
21719
68695
8636
55172
76752
14333
34521
98741
88624
1938
83419
66663
80772
51959
60540
85275
99566
59474
4443
34017
75726
44103
57645
91138
97341
87158
70609
81002
15219
99664
74048
81168
5832
31159
50051
45699
28599
8658
2975
59538
82559
37257
42667
64280
95075
62979
34882
59107
16689
99002
16916
39520
19904
66360
48759
14276
71122
10992
37243
49945
14105
87707
41914
71171
70550
41069
67854
35694
95548
78931
63101
65430
36563
13164
73456
36530
46201
74753
19841
83710
18627
29282
88818
2692
13633
29279
35995
48327
78143
96767
28187
93003
56583
96481
17232
25988
80708
68717
7873
89977
88770
47381
25080
15381
86897
95245
46445
31786
44489
3652
43230
45890
25831
50142
98075
38787
60085
48560
637
54942
26791
10520
97847
46261
52162
19030
39972
81094
72215
82282
4832
23033
98445
70699
95283
12130
71485
40801
40776
63474
91159
77697
33531
92929
98785
3426
65201
52080
63296
79808
30978
97790
64751
35789
62545
26761
95308
33743
26172
49599
6354
80698
56238
43776
15521
6922
37938
16849
52282
34012
33539
61216
31526
84266
54174
23951
31799
36546
45209
92255
32870
33219
65421
60379
84058
97299
72910
3709
12106
6751
21499
39937
22170
52591
53297
13412
69282
20613
69722
38232
36589
89875
45251
43143
83388
694
59019
23809
1322
64914
32982
21829
6219
48427
57666
32744
97901
38782
69777
81892
49217
58810
24933
17824
79699
81118
27019
38072
26324
17232
45453
79593
10201
50487
35979
34875
3772
11190
56164
68747
57792
16582
85582
29524
90547
14735
18373
12602
98284
96770
41536
19027
77779
62389
44511
12785
56000
93116
417
90896
87099
32160
60370
20409
24226
31871
79489
11569
14506
24897
23791
56353
24829
57522
7075
21986
87778
37024
13499
60900
54618
65011
79453
51548
37733
72419
10604
85288
30149
52251
6838
21728
62107
96073
78090
55867
39022
12190
35207
21211
18986
31208
36207
7286
74660
2889
68538
43202
53692
81652
39111
86300
25883
85668
70925
58100
31676
34425
48304
71161
37383
31088
48976
59773
31192
75101
71387
3556
90974
90632
47266
78159
57632
70689
41928
42239
43610
86913
23287
39560
60133
33439
45
67700
46420
14795
56116
13232
75482
9962
45712
2967
79498
59855
20241
22105
78710
85458
25128
19112
81817
51216
10549
56159
72784
26911
99135
79728
25698
57132
40925
3560
38593
16275
1522
89344
92585
122
55222
9603
65765
64971
46734
43255
86161
54124
54238
98794
62745
15548
68373
11706
9024
31852
61926
67969
63230
35767
66935
60060
53473
41728
2034
95862
45108
6599
28249
48565
39389
31239
59126
41473
85855
57199
86960
94764
85312
53787
67418
92931
45733
8078
50406
35792
16858
81966
22135
93512
29934
30172
86708
55544
7898
55663
78968
95047
55586
81548
6
39623
65300
34788
25273
71166
30510
84650
76058
69676
6236
88111
29835
69976
6303
15068
64160
64443
39433
90795
97453
63816
60452
85891
82778
25111
1010
85582
95540
43949
84335
70680
49309
46666
45139
9350
69635
73166
1844
71473
17582
23240
24425
23166
81907
14845
30761
12859
46278
40850
15377
22488
64716
24310
91972
71935
5998
20590
53037
24209
87274
56414
80192
29791
28387
29137
43966
58178
12952
77542
22103
76503
46386
77271
6410
47898
91863
12774
69448
71774
24572
11399
8983
19975
97880
88484
76562
49252
80307
53745
5806
87276
75133
86029
29495
69236
1755
12529
80824
23242
41308
76536
21434
41137
1545
75307
96388
58937
28379
19688
5440
89562
9415
35022
4830
1197
28884
3624
39506
90343
90318
84147
1689
12659
88882
8110
24089
82347
17161
9949
42534
69971
2738
95898
6016
45394
65944
60345
37402
89709
22947
11062
69878
10306
14282
8733
74315
56798
35590
90549
12809
99995
6465
14986
47891
21914
38509
94485
81451
83064
49554
30795
52875
91536
36415
27487
1199
64942
75970
18836
81489
65323
32978
49219
6124
56170
71177
53062
1186
38285
11184
79071
7065
71413
34834
9703
77088
87924
690
85175
31727
60017
3289
83756
6284
92759
86919
79451
11466
58330
65163
79953
36268
3655
58157
47365
78664
30151
26153
79101
91558
82256
11606
33818
74855
94408
35364
2113
29891
41047
4261
54758
89610
5223
21954
21655
42476
64635
51086
69442
18933
35049
94327
13828
35088
62325
73880
86639
63532
64364
62412
33688
30364
26970
798
8474
48983
31688
84860
10986
48128
17845
30729
6456
27713
41008
91025
11422
48
69295
26295
53640
82324
4752
13707
36001
39840
58921
23607
77078
3613
55693
68920
9832
4039
79454
57610
24980
53998
12618
22844
77047
24540
99268
28259
95488
51126
90719
77067
94966
29244
15593
9575
13282
9066
41890
29865
43547
71105
75479
4398
8076
56160
79679
20241
31524
85995
40370
15135
30202
57966
17089
76810
91867
63291
22230
11767
47442
20655
14953
65427
11666
83698
47003
63554
44291
11517
62323
20984
92006
69078
68915
15136
57223
10839
75414
38361
91198
21038
15880
92513
77570
83069
52962
19370
16459
95008
33472
89065
54978
99246
89697
65293
91623
36761
67323
82284
89951
50768
49944
58745
34808
81828
45585
48882
72282
30824
94213
94678
77931
41745
19989
93748
88063
38205
11040
37502
69755
55472
80342
91356
2244
8729
99035
27709
79721
60435
82459
42153
23850
66471
80804
58514
5379
51631
29220
11432
29784
48053
66464
63147
5471
98266
61998
49947
48741
77715
64559
51948
47038
590
80332
46134
53165
78930
38956
51080
95851
63492
92592
3612
59512
10598
93484
37990
79995
12282
58402
20486
97592
97892
48603
46301
83821
85485
8069
77628
61704
49412
26084
48695
53545
50431
58358
5369
65551
74399
68424
32337
9602
92209
2318
45162
79485
67217
24259
87801
61302
82601
59165
94543
92299
24312
92043
52430
56074
5614
97103
94905
61405
99538
1746
26020
35312
56966
81032
83402
1792
60675
36961
3709
34754
37438
66697
15447
54637
74316
59581
99631
15526
89154
81738
91592
91558
77300
88452
45636
11498
55199
28831
92118
49686
38115
68302
37269
27078
29800
91382
11756
1843
17345
77742
82446
38239
57134
49621
37735
84797
51771
80399
40877
26591
3398
96061
53877
72062
42430
36985
30691
65760
51335
87979
23865
99177
39194
63883
83792
62848
36552
40564
76613
32668
7007
42592
8042
34316
5222
74693
94141
96896
29474
27564
17654
3927
53339
2379
67866
4325
1017
7998
27117
99169
14984
60774
69924
7113
56218
54397
50776
36210
97707
36373
71319
85519
40064
53453
57812
44157
90377
1007
82367
60682
79717
59081
4463
92704
87973
13190
64891
5841
53257
59528
45384
12992
58918
18340
23261
86698
86761
91609
64306
74255
52341
23342
78727
66017
28136
93864
48081
91592
10332
40486
1231
16655
88105
42905
43962
84942
79751
37698
2395
67381
86417
66602
83127
9202
83718
10680
8549
37824
1417
85235
20257
95852
52905
28692
72345
62884
53434
4326
1156
80607
81506
22141
74130
86979
6704
78064
27869
4119
30790
37621
36799
88613
78967
70616
27263
22891
12971
25655
96963
42751
91264
48477
36297
96093
65483
21625
94480
47854
6620
46618
10481
56182
93216
8586
19531
94842
47615
31203
35388
34029
68037
65362
60619
35926
44094
25191
74242
78111
34650
76790
84186
22908
93937
88397
77614
86165
97216
42258
71441
99506
56977
90233
89820
50659
75449
44991
93984
88809
27962
3334
48985
10468
23945
77325
63907
44154
27402
78442
21606
45441
14391
39719
81037
69705
72864
8087
34677
57513
12844
42003
40321
60164
94845
18710
57098
78840
42162
13137
94739
90083
18822
30251
80538
55282
6101
93113
76298
54983
11295
35382
97806
22982
485
15583
1921
22012
7825
31662
11201
17773
63954
57104
25409
67672
18948
7141
29309
33097
44366
46836
71369
91932
45573
93032
7522
20392
54254
31756
17030
17488
89889
73086
41311
53665
49833
77650
96698
64808
89607
28486
82390
18292
54518
15645
79032
67395
81514
70523
55868
65580
18866
70684
80645
71336
28668
96785
17685
79869
84407
12056
41913
76296
17908
52342
74588
65991
96550
95828
16860
43681
7752
58324
25017
2483
70078
59470
73897
35575
61939
30443
48552
81106
63137
18429
13933
14427
4752
45017
65656
26307
87605
58898
51112
52710
95516
65715
72649
14604
5057
75225
39594
16859
42391
64779
70604
98589
94155
28503
21495
15626
63651
7338
95175
20946
69376
56427
55267
5097
75619
13076
70734
2671
50380
26510
71862
15323
94429
65737
59178
15363
35005
90837
93449
21195
52952
58847
66933
78567
53732
16587
29447
96591
72222
76363
20796
89982
23059
3065
75468
31175
1051
33559
28507
85621
26111
11328
22121
76316
36315
13162
35588
78369
76222
87227
41885
10275
48943
16165
89688
97861
68298
53248
33949
6426
5864
85314
20075
91115
5949
87869
7884
13511
21370
17269
8932
55240
99122
81820
34691
93598
30714
3468
33882
33594
57130
56097
52074
57433
26784
80721
82551
3179
64452
71432
52924
65695
8933
85220
49753
86701
16450
71978
78407
25599
91173
82371
39307
52733
81450
28726
5673
84147
28766
98947
560
7298
8707
46137
86995
79936
6959
82261
98392
50092
90291
55897
99817
70546
3225
72036
8616
32631
27111
26547
80640
34210
39009
4628
73718
615
35051
1442
92703
4849
40235
88098
93642
91052
3821
48889
51966
9836
33440
76520
50654
55933
79006
73797
83497
1512
18761
75607
14079
24990
41232
21581
90876
77732
60241
8540
59945
34779
59384
64820
68328
66539
13510
66973
72365
41420
66573
4307
95277
89777
44503
68315
98542
49937
32391
20513
68797
49011
64119
76080
64351
66517
90400
54445
62815
20249
97496
63216
80262
13517
39030
74815
57769
97302
46193
15113
67292
43320
24294
45852
46917
44387
18392
37348
60651
38558
66130
65921
6828
44553
58024
18531
97230
98482
43708
25285
7373
90486
90780
70083
38771
50993
91272
56313
29926
53444
9617
9785
63228
51202
78621
32584
96937
96759
24967
65110
95097
84373
27844
79417
9561
43229
67776
34917
34479
17766
92487
66602
57898
61901
82463
35209
20723
84282
37235
1684
56419
32554
69354
2114
75119
77566
88406
20779
10015
93216
88681
15430
8092
2061
42304
40925
26887
62851
96356
68009
6470
59368
48614
70672
33049
70484
4519
53591
67563
77437
74874
89765
76708
65053
37889
62327
38651
61186
35219
6201
45065
20337
70112
97895
12665
17016
78475
63361
84315
54255
70710
68068
95127
80458
32796
87467
86975
40990
40759
10753
5726
59117
59170
21793
11116
93360
88696
74316
42883
13472
86235
5894
63884
1344
93425
84910
30291
57387
80201
52024
41369
66614
96955
75145
26311
9857
60078
36782
73504
12511
38611
45370
91152
15487
16878
79642
14529
96855
35188
46486
46764
79148
23344
26982
61196
48257
8736
46222
97390
43353
31293
73560
59684
23786
20536
23181
93081
82720
33567
58159
63040
78155
59422
96502
25797
49383
33891
84677
45285
33382
89306
71912
1209
75068
49527
58636
14540
44358
2290
37083
60014
91575
4395
29139
73570
12033
63983
95138
13938
42525
33492
7713
77250
71223
80190
77257
71618
78392
29988
11606
7452
30321
84972
90327
5998
10626
99827
67406
57458
15140
74249
18346
7992
67833
9657
22751
39445
31598
24358
38303
40180
24489
14480
60055
87147
98197
17462
2248
36553
64615
87958
70241
8300
43149
46608
79286
90479
17138
42152
83006
88864
47792
60522
66670
1039
38482
92584
80878
4098
90469
79103
92245
94469
8187
51000
89831
50975
71067
35370
23239
74337
85224
51868
42265
89143
76140
89800
32697
43552
78945
68220
69234
7611
31869
44218
63836
94071
68215
17246
83637
17229
12954
2528
95194
45929
86181
3599
9283
29954
49980
24894
67641
76427
49167
16187
84020
55042
57988
67034
54069
85702
87939
7024
54524
61222
30271
9243
27111
76501
69468
96767
51080
79161
6785
74347
21314
79970
16316
2490
50848
76536
87116
36438
87090
23053
89263
49463
53477
10577
59432
78280
82397
39364
16172
10219
94801
92775
73290
98003
87907
59788
96245
27406
20827
51083
95983
47910
8960
71958
40979
35581
89426
86052
13599
98102
90630
60970
85980
23315
19583
61768
67692
12184
83718
75935
13775
31086
48805
81824
99314
47716
56773
44384
5941
68048
80866
84103
61302
94131
9160
41128
57311
35611
11565
84395
94921
70914
73515
60454
95532
79763
10263
7722
21156
50221
97315
59226
90369
37056
172
16182
84011
96244
56801
18581
176
76104
46513
58001
95500
72408
70351
71868
70740
39033
71493
48273
62111
24350
61426
93349
27889
18332
44674
63837
13445
15914
23688
49209
38134
1346
59290
61517
34410
48293
76073
4048
924
3291
56060
91629
19012
93592
43336
17143
81221
11290
45006
28794
27763
63278
1265
45068
81951
70546
38706
9315
77857
59989
3658
71392
5665
62747
62851
56136
71457
47613
70291
65972
85515
29581
96118
95710
24914
8055
77224
52924
38343
92898
4796
87497
45115
95318
67355
80350
43212
47032
23676
31648
90254
17617
92060
44595
97143
11693
34939
92909
91942
24030
88211
20837
77073
11745
11061
62697
650
40536
62626
29231
10894
79222
75394
37604
51978
78554
48805
71904
91402
53779
92980
30010
34079
54434
33267
72471
71339
13660
13109
55294
71724
46478
41596
74215
93828
17243
74859
33618
64577
44417
36906
92309
10829
88346
27798
83245
90420
13438
34050
4820
36045
13702
60046
31955
53000
68299
86018
29903
33234
75213
86951
42400
30088
69104
36354
39839
1013
87168
67150
34685
10089
6549
69397
99632
27929
42513
84522
11080
13197
13159
9254
9280
78347
73718
26014
18097
63805
12530
82781
45856
41824
78180
1635
15447
68108
81479
62650
74224
23547
6547
7920
25486
99160
87864
39478
7942
89926
26976
17172
12603
13098
34551
39430
32552
2870
69958
27895
78325
58802
91226
18297
62860
45129
25668
53822
80422
4621
86489
78903
54207
44936
32634
12774
31400
65345
45358
63809
88699
45895
24042
70790
62600
6333
73011
45173
10350
59074
60251
29167
57766
15644
92423
43721
27545
45856
56209
7277
95922
31488
15017
40301
75694
83313
97846
61540
22192
27832
75387
16427
31025
27953
8180
9653
40885
75324
81471
29416
24664
60068
45560
39897
68871
65837
78877
55362
25099
45210
18800
98946
47999
86584
68315
2961
75203
19114
23533
16382
25770
86033
5634
79752
39374
36216
71042
62805
28420
45402
22560
99794
77289
144
95170
62952
42299
3387
80192
87127
75588
68298
83365
13810
50193
46089
99059
88950
39906
52710
20963
53256
69882
92513
73801
55754
2325
65583
1878
89146
15897
4555
77528
73736
69957
26010
95420
37041
11239
84825
28116
48509
27050
16741
10227
50193
45164
32615
32660
10609
58701
26266
90555
46646
75331
794
20371
9928
23403
26859
83415
54840
31994
75331
4716
62813
96401
59509
96523
38537
50863
69371
93181
68166
92192
2879
91487
90323
47859
26278
47396
57621
8970
62970
71866
63868
62666
80818
69988
71635
4786
73216
10407
68643
69609
11542
87489
90757
41008
39446
88595
31074
51222
17781
29919
13865
49162
94827
65868
73931
39339
77146
62086
23255
2588
68601
42755
79949
75795
56444
94208
52801
60336
88289
90954
44015
17323
99961
99001
21557
76838
433
90231
72049
12578
82268
39774
85303
2285
43135
89119
11695
36728
67800
60574
62538
85863
32236
36603
54911
68130
45196
60972
24870
32457
46915
1317
2799
36004
15742
74682
75936
50104
50713
31707
52426
6869
2274
11774
68839
55916
50988
12475
54546
62878
28211
31312
40546
29552
76710
41413
44196
72955
18166
16394
77620
38271
21145
7132
56633
56984
35675
65062
68602
45768
74435
3556
75201
27028
93213
79011
77674
33803
60617
63845
97159
8513
69919
54432
8852
72794
37148
84262
57042
87265
80398
85983
52610
83160
91609
41906
60735
27274
72451
32803
70360
61628
14658
30582
1769
55267
24704
69233
90422
60623
81352
24480
93923
12324
1456
89458
90323
26313
25730
63041
66235
23481
38729
91823
78593
74679
85908
64491
80022
59999
64874
93587
11118
27032
44331
45844
2360
68261
91775
5837
7838
38075
3069
88241
70715
82604
32250
94154
12211
60353
6284
49083
45684
54503
69977
74718
63335
1953
75201
8429
80435
95387
40037
86748
81966
60894
56370
6434
23425
92127
6382
84729
91575
15859
49406
99995
83745
53181
74129
44012
60169
19175
22413
84247
93969
81359
14964
77585
50920
29912
14162
10265
45160
70754
64134
24353
87599
61780
7115
76518
13815
30774
69313
3482
35572
44635
49053
13091
59754
48187
49546
31933
80553
54878
84506
50778
20294
90420
69101
37578
73815
97378
53596
46101
99722
48216
32547
31653
59426
4573
91465
66625
13200
9451
42285
15412
21354
36440
32366
5837
63146
30185
93623
68543
5542
20491
12166
68328
71
35100
66104
55822
1256
75267
31027
83589
65741
69632
32206
71662
19037
63550
42465
60346
99262
91685
35013
52300
7852
90732
46055
33404
13653
8076
83054
31895
93844
29552
17286
81988
89127
41705
43817
73985
15088
79581
50282
85548
36133
69279
43229
8255
22484
47706
29862
11730
918
45990
94364
4740
66766
13438
56698
9812
63647
12008
56930
79433
41383
46035
75246
24658
94972
68703
83029
79400
49218
81014
24598
1999
48166
79161
43651
2459
32889
27893
95693
11856
17484
82196
53768
23969
74469
50671
57883
21562
25980
93473
15367
65945
25812
57111
89585
5015
39385
77572
30286
51621
74770
49201
4938
28273
92419
10289
40853
104
95907
56083
7082
97173
85620
92273
39420
28488
94724
80869
68064
20402
77823
76059
77362
50828
55599
54241
75621
71703
41585
89754
95594
19294
30613
60883
8315
82359
5138
57421
53253
34409
23363
14809
15248
90536
57890
75233
2157
99451
54432
39843
28251
35167
80446
65977
96309
47812
51050
86419
53883
15701
47450
20615
30332
74805
30398
93662
45789
53989
29189
18127
35048
52642
30703
71305
62548
363
23434
48298
4237
48160
61132
36941
59616
42629
95115
45952
89478
65894
62620
87155
31690
3638
8230
99500
81944
17488
71586
67320
85059
83646
56530
95068
71347
57719
66267
81962
95722
54370
74848
29550
50034
21369
91516
4136
35397
42954
29403
43348
72311
70711
90326
69829
25348
45501
58154
34096
79794
54609
15316
36132
80034
66150
59403
85560
12569
43052
61657
32285
78117
73202
4599
35794
71631
31532
94661
52567
16476
92271
61379
34489
90334
8185
89518
51499
39677
11534
57882
95478
12254
61726
35561
61447
65806
86050
33861
50567
62894
56805
72064
59880
40826
96863
7397
4730
58327
86491
62490
12958
64793
7163
81621
90514
23182
81330
43160
10507
51691
1775
18602
61921
69553
2713
26547
71748
57083
6518
15668
70988
28102
92102
4961
33070
16445
108
1404
65034
73760
31532
65904
99841
85841
60847
58406
39300
18940
87428
71399
36040
53472
93698
10222
67062
96093
94696
22857
50143
59196
26533
8524
21740
13685
41235
7954
59699
79042
42397
69874
63461
16926
39938
41786
8709
3704
338
40842
54451
51546
93909
91311
49863
1105
46283
82906
57753
88408
10638
34396
92988
68101
75219
35617
7339
16944
59472
41223
35227
15804
43287
3385
23505
5411
64960
78380
4269
96002
4357
85173
44003
73918
5415
30276
16234
17137
82191
56354
56270
20821
97902
73923
30528
64716
70693
36199
73773
36649
25569
27347
71947
53951
57790
31686
77424
18885
42188
35195
25277
92194
13167
49851
31608
77786
6048
5884
91287
39349
8113
71481
15864
2280
99886
97551
84078
16483
70783
69138
45397
9398
95530
53034
67494
88513
58933
5197
15367
28310
33193
44922
64122
68269
33746
48367
72021
16548
7267
94056
46129
1041
13238
28085
11484
73477
26321
10774
52522
55039
53668
43253
52584
30826
18479
15521
68945
14420
38529
66114
4089
40140
39706
33534
28391
23030
64050
5447
8127
69423
3667
27230
43869
26808
22241
50312
93022
38913
93947
47211
2648
77459
2969
23814
88170
68921
96724
84395
96334
73932
49733
18233
59243
40698
59077
71450
77192
12403
61812
69109
29562
97551
54550
51825
6718
27135
95575
5416
73730
2766
15855
291
37853
60084
28417
14871
69119
29496
60765
60924
59875
28510
31333
4614
85378
88244
22829
8290
24993
85461
46876
93391
5578
45177
85935
79286
38904
21049
49692
15719
46571
8898
93907
60369
68796
75798
72737
81278
94283
48345
15534
69161
34708
44126
24775
16669
4096
56175
14870
58827
18327
94835
84557
95175
52210
51007
3905
80064
5071
46908
71731
9402
70335
17360
94410
70186
84441
91180
50332
86797
56433
33681
39948
93605
84067
33728
42093
27441
82633
40253
87268
21576
96365
74239
66059
61554
10168
31703
61106
40355
48136
13818
57920
80853
65440
99500
8632
20353
86681
52651
10551
15289
52278
18901
23097
15941
52566
15031
8347
56312
83299
628
70139
77518
75303
75918
20859
18724
4190
13907
52805
90708
29926
24839
95496
69708
79507
22410
63873
95882
27231
83302
47221
77174
44862
67512
70106
47388
26128
58168
85782
76132
66160
16934
17471
29008
16617
6035
77089
31282
78537
22057
13278
1159
25741
42712
33743
53235
99099
68319
21257
97338
91759
3315
65467
17208
25837
2862
60980
78367
62037
79479
92609
48011
90581
63721
92340
78563
68184
54563
19296
13997
17724
78253
43649
80942
10882
41825
16792
41054
62046
92381
53012
76548
84398
61060
13036
3763
60935
22731
30057
72832
34698
96231
68929
69599
59318
62480
40894
84313
91159
23122
28797
26828
25149
92497
23697
59199
1095
20950
87304
30369
97694
97178
61190
50717
97854
69549
34317
23195
53551
42500
63870
47222
53394
74653
4569
49141
57687
39536
3841
24521
25131
63668
70459
11330
85070
50538
53236
23086
48514
18570
86498
79887
53280
16681
90339
29208
76357
6404
5218
4772
77066
70347
86904
92179
77521
71596
63118
91137
2587
9595
18593
82148
53494
66076
62079
63139
68020
4653
79341
2286
95287
88978
74123
82622
66472
62206
63375
35081
69863
33626
92622
81505
19612
76438
67641
80779
20172
5994
16932
62487
72135
50695
24322
27809
45470
38334
57484
27618
86867
14860
2208
25395
64456
62722
46662
2656
36601
30669
82478
6597
46502
31846
27413
50728
52296
63320
41447
3186
18373
71112
31166
13643
90431
1030
74024
53585
10918
86576
28583
33461
43470
44029
1457
77426
73947
37005
89944
27146
94905
42122
14820
9823
29000
87066
49244
70571
93524
81252
57508
20509
71554
9309
56897
20497
31303
65422
18679
56170
66387
87716
26547
98510
27882
32339
4580
59998
40627
83144
29988
2417
40746
35818
96149
49452
5680
24587
35943
5248
42050
8273
42614
75903
32199
15003
40560
10204
91650
80146
43699
68991
81256
78287
45717
88002
75435
31299
79614
83468
70997
82086
52847
67047
56721
66623
53798
37887
49091
15565
51833
57177
93559
91536
52512
79597
48374
47319
91535
75042
118
14439
15841
78245
84169
86820
28272
83398
7189
46047
51713
16463
11140
95228
89981
34465
58929
39839
27417
80780
11107
43315
31639
62379
60567
24470
9285
81978
72917
18116
49699
88438
62661
86975
29571
57103
49562
80536
8105
81612
32044
88156
93010
14523
48708
46942
54385
7123
60720
15549
43731
37192
21878
76850
16004
58250
86533
48728
93611
2363
77319
29944
29360
7147
25204
64303
47550
61810
79072
41119
46404
74025
61139
22255
87317
6149
8761
9696
74959
23825
2416
84077
58201
98086
69023
71453
89893
65546
18023
91945
86549
98659
63089
83716
61273
10198
93318
25196
7863
17025
28446
52908
19012
57777
20400
37611
68110
43488
65160
80757
34460
36750
27222
41795
30573
2971
11491
60137
23549
6271
89311
63005
86342
41766
96054
70911
45635
40331
32513
59785
58064
93872
45688
3828
99277
23063
75365
80836
65953
6657
65940
30673
85563
58112
10534
9108
34644
9466
90021
72138
96209
3069
92082
68648
23812
14521
70842
4667
1265
49503
76487
30842
6926
62772
72946
51563
74436
74609
1334
78958
9075
9179
57889
28874
90642
50970
64356
95954
5683
51960
43337
5812
26148
1943
12291
87582
16274
62543
14657
31629
11304
94052
83293
39027
35702
37088
8689
47748
24781
61842
69577
27389
86214
57058
54035
86322
54114
71439
47955
74899
32748
85896
31635
99642
32539
87171
3064
13107
91124
40701
6768
19176
14156
21359
64871
32040
8842
75209
49976
63892
52715
28781
58720
80838
46271
39787
4111
28126
94865
26133
35384
72810
25157
70206
51336
6705
1753
39667
70035
71484
64302
25942
66217
70561
90944
20627
15432
52334
64368
8034
11371
24366
7299
19800
35040
92763
58339
44169
40632
83201
45827
11806
5591
66347
25728
69966
44555
47116
71011
71197
63801
43403
66403
58446
9971
68268
81864
81510
96869
94135
34506
6655
76783
92072
25976
72389
56045
45202
92180
81841
11602
52944
77275
1055
25876
79690
45347
80846
59584
51360
32829
83795
48334
26614
63929
67386
10095
94332
80809
507
72067
17273
45982
10037
24167
93876
39086
67689
93899
39710
44632
74198
54242
80607
12702
32236
21458
38907
77008
88239
9868
30657
71274
39626
29333
18000
24403
23117
54083
9702
62662
46149
78883
52071
68814
90999
34103
96838
56971
47897
14846
78675
82673
32780
4395
66977
84751
25305
54743
41139
84013
17383
34929
36322
55502
3222
23956
20461
76629
8572
57042
81630
66852
88314
35692
11989
10176
35034
24067
77043
87152
62503
62121
60581
19844
98952
50737
19467
85619
1882
25285
548
49404
67209
41557
64408
30510
16171
37645
36546
16707
51674
56896
919
84647
68076
20289
64631
56759
71889
95504
55567
1412
93992
45809
96457
72854
60797
39128
96561
90221
49475
64993
7204
32259
84234
95996
49335
79630
89469
71653
86881
72705
7772
97937
45318
68114
82641
31301
74018
45846
87280
77665
92462
31049
97903
83354
25809
2474
80256
36229
71206
88290
71688
50254
13670
54405
38429
98280
19154
71665
95616
33888
29824
86163
19444
28202
87487
75530
12699
39325
72296
35843
38316
64122
64227
13923
89650
50791
68211
36515
30180
14331
38623
25717
49884
76594
50878
6565
20887
7583
56158
94235
47560
62209
42385
64829
97401
3438
28981
54802
62975
69613
17183
52673
79864
96992
33891
86039
25572
82750
90722
40615
74333
75326
92112
52939
41781
68495
53472
21417
78059
96869
70063
53522
42793
3885
67786
21412
73084
4898
95165
81582
10609
58136
44250
23059
96521
62070
88225
41256
69113
81281
31090
5688
61088
14131
43276
49864
40549
2698
34561
84308
86029
45980
92888
63991
92406
58440
6046
81674
59795
45480
43563
804
35909
41092
55885
63551
63762
29792
49331
84603
96516
77237
67607
17788
70752
21244
63080
8783
87202
62886
17107
5226
72050
62154
878
84400
17189
56534
40386
96788
83634
24294
60178
39253
42702
15891
41580
40072
78215
58050
20650
88308
56826
31293
10149
93686
47666
90175
47192
90052
76190
9737
49324
15855
49069
37074
78245
11073
79624
71419
23016
92326
6604
20512
91271
90760
62946
84650
96523
70642
17117
73537
25597
41430
6000
71167
74353
64266
18633
49536
53103
74124
34414
18837
58463
62470
79282
84184
40656
21230
30100
31834
60262
17732
3189
66456
44862
68638
65396
21996
24351
42017
54311
65888
44126
34917
91544
19421
91437
92827
10586
14465
63426
811
38726
61007
6848
69205
48790
12545
64068
84281
25501
67480
77198
70803
29090
12820
9450
99934
64887
23487
87258
24217
50714
58467
43810
23910
29511
90172
17519
4719
7416
80968
51781
3012
43322
72507
4547
68223
38573
60816
9781
43305
9176
25113
48918
86165
76134
36631
77056
54218
72161
78341
91218
82622
19561
12079
78044
92765
68497
9088
31402
39305
4151
54041
58507
80507
29278
82109
69565
14728
24810
38857
87542
82720
65175
13441
40241
31471
19349
94181
18068
10406
