6
13
14
25
29
45
48
50
52
67
71
73
78
97
99
104
108
116
118
119
122
144
152
156
172
176
208
211
237
258
264
274
291
299
321
335
338
363
395
413
417
426
433
435
445
459
485
507
538
543
548
560
590
598
607
611
615
628
629
636
637
650
686
690
694
728
747
778
787
794
798
804
811
852
875
878
884
897
904
915
918
919
924
942
963
969
992
995
1007
1009
1010
1013
1017
1030
1039
1041
1043
1048
1051
1055
1062
1080
1095
1105
1111
1124
1124
1156
1156
1159
1168
1186
1197
1199
1209
1231
1244
1246
1250
1252
1256
1265
1265
1265
1317
1322
1334
1344
1346
1346
1347
1381
1404
1412
1417
1442
1448
1456
1457
1470
1512
1512
1515
1520
1522
1526
1540
1545
1558
1605
1610
1623
1631
1635
1679
1684
1689
1689
1746
1753
1755
1769
1775
1777
1792
1808
1841
1843
1844
1851
1863
1873
1878
1880
1882
1888
1911
1921
1927
1933
1938
1943
1944
1953
1994
1999
2034
2061
2066
2113
2114
2115
2117
2150
2157
2160
2198
2208
2231
2243
2244
2248
2261
2274
2280
2285
2286
2290
2298
2298
2318
2325
2336
2360
2363
2363
2379
2394
2395
2396
2404
2405
2416
2417
2419
2439
2454
2457
2459
2461
2474
2483
2488
2490
2505
2509
2526
2528
2556
2564
2587
2588
2588
2648
2656
2671
2679
2690
2692
2698
2699
2713
2718
2724
2725
2729
2738
2738
2744
2749
2766
2769
2770
2799
2806
2809
2830
2837
2841
2851
2858
2862
2867
2868
2870
2879
2889
2896
2921
2923
2933
2961
2964
2967
2969
2971
2975
2987
2993
3004
3012
3014
3023
3035
3043
3057
3064
3065
3069
3069
3070
3109
3112
3113
3136
3155
3179
3186
3189
3195
3199
3210
3220
3222
3225
3227
3228
3264
3267
3271
3289
3291
3300
3315
3322
3323
3334
3335
3376
3385
3387
3388
3396
3398
3405
3426
3438
3451
3463
3468
3482
3509
3525
3556
3556
3560
3560
3572
3598
3599
3607
3609
3612
3613
3624
3638
3645
3649
3652
3655
3658
3665
3667
3695
3696
3703
3704
3709
3709
3739
3743
3763
3772
3821
3821
3828
3841
3844
3855
3856
3858
3885
3905
3927
3928
3959
3960
3980
4039
4041
4041
4048
4058
4065
4075
4087
4089
4092
4096
4098
4104
4111
4119
4136
4149
4150
4151
4155
4171
4177
4180
4189
4190
4201
4237
4261
4265
4269
4285
4286
4295
4307
4324
4325
4326
4330
4332
4348
4351
4357
4358
4363
4380
4389
4395
4395
4398
4408
4417
4423
4427
4436
4443
4448
4452
4457
4463
4467
4519
4541
4547
4548
4555
4555
4569
4570
4573
4580
4581
4585
4596
4599
4605
4614
4621
4628
4646
4653
4667
4706
4716
4719
4724
4730
4734
4740
4752
4752
4772
4786
4789
4791
4796
4796
4809
4820
4830
4832
4849
4876
4898
4938
4954
4954
4961
5015
5030
5031
5038
5053
5057
5057
5071
5097
5113
5138
5185
5187
5196
5197
5205
5218
5222
5223
5226
5241
5248
5254
5259
5263
5309
5315
5325
5326
5369
5376
5379
5381
5404
5411
5415
5416
5418
5437
5440
5447
5460
5471
5495
5498
5506
5508
5542
5578
5587
5591
5614
5634
5665
5671
5673
5680
5683
5688
5699
5708
5715
5726
5726
5728
5731
5738
5746
5772
5774
5806
5812
5832
5837
5837
5838
5841
5842
5848
5856
5859
5864
5866
5874
5876
5884
5887
5887
5894
5898
5925
5941
5949
5949
5951
5964
5970
5994
5998
5998
6000
6010
6016
6034
6035
6042
6046
6047
6048
6050
6070
6081
6091
6101
6103
6114
6124
6127
6149
6174
6176
6180
6201
6206
6209
6215
6218
6219
6230
6236
6261
6271
6272
6284
6284
6290
6303
6307
6333
6334
6351
6354
6382
6386
6404
6410
6411
6420
6426
6426
6434
6434
6446
6456
6458
6461
6465
6470
6485
6499
6518
6521
6547
6549
6565
6566
6573
6577
6586
6597
6599
6603
6604
6620
6634
6637
6651
6655
6657
6658
6690
6704
6705
6718
6718
6725
6751
6761
6768
6769
6771
6785
6786
6821
6824
6828
6832
6838
6838
6846
6848
6848
6869
6886
6890
6902
6914
6922
6926
6936
6943
6953
6959
6964
6980
7004
7005
7007
7019
7024
7029
7038
7050
7051
7063
7065
7075
7082
7104
7105
7113
7115
7123
7132
7141
7147
7163
7174
7189
7204
7208
7259
7267
7277
7279
7286
7298
7299
7302
7306
7309
7329
7330
7334
7335
7338
7339
7340
7373
7377
7387
7395
7397
7416
7416
7424
7439
7452
7521
7522
7536
7568
7579
7583
7591
7604
7611
7638
7644
7644
7668
7668
7680
7681
7688
7713
7717
7721
7722
7728
7742
7752
7764
7770
7772
7774
7775
7776
7820
7820
7825
7834
7835
7838
7850
7852
7853
7862
7862
7863
7867
7870
7873
7884
7890
7898
7900
7920
7927
7942
7950
7954
7972
7980
7992
7996
7998
8014
8015
8026
8026
8034
8042
8042
8055
8059
8061
8063
8069
8073
8076
8076
8078
8083
8087
8092
8105
8110
8113
8118
8127
8141
8157
8164
8175
8180
8185
8187
8209
8230
8246
8255
8273
8290
8300
8315
8325
8333
8339
8347
8352
8373
8388
8410
8429
8474
8484
8513
8524
8539
8540
8549
8553
8553
8572
8581
8586
8616
8623
8632
8636
8658
8662
8684
8689
8693
8695
8707
8709
8725
8729
8729
8733
8736
8755
8761
8764
8783
8791
8799
8819
8832
8842
8843
8849
8852
8853
8892
8896
8898
8900
8909
8929
8932
8933
8955
8958
8960
8960
8970
8983
9000
9024
9029
9030
9051
9065
9066
9072
9075
9088
9088
9108
9127
9127
9131
9160
9165
9176
9178
9179
9193
9202
9239
9243
9254
9263
9269
9280
9283
9285
9286
9298
9298
9309
9310
9315
9331
9339
9346
9350
9371
9398
9402
9407
9415
9450
9451
9466
9478
9488
9545
9561
9566
9575
9582
9593
9595
9602
9603
9617
9625
9653
9655
9656
9657
9658
9661
9669
9696
9702
9703
9707
9737
9755
9781
9785
9812
9822
9823
9832
9836
9845
9857
9868
9926
9928
9932
9947
9949
9952
9962
9970
9971
9983
10001
10015
10037
10044
10068
10089
10095
10099
10116
10125
10149
10153
10162
10162
10168
10176
10180
10198
10201
10204
10205
10213
10219
10222
10227
10249
10263
10265
10271
10275
10281
10283
10289
10306
10310
10315
10321
10325
10332
10332
10338
10350
10354
10367
10374
10384
10406
10407
10408
10411
10416
10417
10425
10434
10464
10468
10473
10481
10485
10488
10499
10507
10520
10522
10534
10535
10536
10549
10551
10569
10577
10577
10586
10587
10595
10596
10598
10602
10604
10609
10609
10613
10623
10626
10628
10636
10638
10650
10655
10672
10672
10675
10680
10709
10728
10741
10753
10756
10774
10829
10839
10840
10857
10858
10861
10866
10882
10888
10894
10918
10934
10958
10974
10980
10986
10992
11016
11039
11040
11051
11058
11061
11062
11073
11074
11080
11087
11093
11097
11099
11107
11116
11117
11118
11135
11140
11150
11166
11184
11190
11201
11202
11225
11229
11229
11239
11281
11290
11295
11299
11300
11301
11304
11310
11328
11330
11342
11371
11399
11411
11413
11415
11422
11432
11432
11454
11466
11468
11484
11491
11497
11498
11517
11521
11534
11542
11547
11556
11565
11569
11589
11602
11603
11606
11606
11611
11614
11633
11666
11668
11690
11693
11695
11697
11706
11723
11730
11735
11739
11745
11745
11756
11760
11767
11770
11774
11783
11806
11818
11820
11833
11835
11849
11856
11862
11864
11885
11898
11902
11939
11946
11949
11961
11989
12008
12017
12033
12056
12069
12072
12079
12106
12106
12130
12166
12184
12190
12192
12204
12208
12210
12211
12217
12224
12232
12242
12254
12266
12266
12271
12282
12291
12299
12324
12353
12364
12375
12403
12424
12427
12447
12457
12475
12480
12511
12516
12529
12529
12530
12545
12569
12578
12585
12593
12594
12602
12603
12608
12618
12643
12648
12651
12654
12659
12665
12667
12674
12677
12699
12700
12702
12723
12723
12756
12774
12774
12785
12798
12809
12820
12844
12855
12859
12885
12921
12952
12954
12958
12971
12992
12994
12998
13002
13013
13019
13036
13042
13050
13058
13061
13063
13076
13091
13098
13101
13107
13109
13127
13137
13154
13159
13162
13164
13167
13173
13188
13190
13193
13197
13200
13228
13232
13238
13271
13278
13282
13282
13313
13323
13329
13337
13376
13388
13398
13404
13407
13412
13417
13420
13434
13438
13438
13440
13441
13445
13457
13472
13474
13499
13510
13511
13517
13518
13532
13534
13538
13552
13563
13581
13599
13621
13633
13643
13653
13658
13660
13667
13668
13670
13679
13684
13685
13702
13707
13708
13718
13719
13726
13738
13751
13752
13752
13775
13793
13810
13815
13818
13823
13828
13828
13860
13865
13865
13895
13907
13917
13923
13933
13938
13940
13955
13961
13985
13990
13997
14010
14055
14055
14057
14075
14079
14104
14105
14114
14118
14124
14128
14131
14132
14141
14152
14156
14156
14162
14179
14187
14216
14227
14263
14264
14266
14269
14276
14282
14331
14333
14351
14354
14391
14401
14420
14426
14426
14427
14439
14465
14480
14506
14512
14515
14521
14523
14525
14529
14540
14543
14548
14601
14604
14636
14657
14658
14663
14668
14670
14705
14706
14728
14735
14762
14780
14789
14795
14809
14810
14820
14835
14845
14845
14846
14860
14870
14871
14913
14916
14945
14953
14960
14964
14968
14984
14986
15003
15013
15017
15024
15031
15068
15088
15095
15112
15113
15115
15117
15120
15135
15136
15140
15146
15181
15218
15219
15229
15234
15234
15243
15248
15284
15289
15316
15316
15318
15323
15325
15342
15363
15367
15367
15377
15381
15394
15402
15412
15430
15431
15432
15435
15447
15447
15447
15475
15487
15490
15492
15521
15521
15524
15526
15534
15548
15549
15551
15554
15565
15569
15583
15589
15593
15608
15611
15613
15621
15626
15644
15645
15668
15676
15691
15697
15701
15705
15709
15717
15719
15724
15738
15742
15780
15784
15804
15808
15814
15824
15841
15847
15855
15855
15859
15864
15880
15891
15891
15897
15914
15919
15927
15930
15941
15947
15966
16004
16031
16041
16061
16076
16077
16107
16137
16163
16165
16171
16172
16182
16184
16187
16217
16234
16257
16266
16269
16271
16274
16275
16316
16333
16342
16342
16348
16374
16381
16382
16394
16425
16427
16438
16441
16445
16450
16459
16463
16463
16470
16476
16480
16483
16484
16500
16510
16534
16542
16548
16571
16582
16587
16617
16649
16650
16655
16669
16675
16681
16689
16699
16707
16711
16741
16747
16769
16772
16792
16849
16849
16858
16859
16860
16871
16878
16892
16916
16926
16932
16934
16935
16944
16961
16984
17008
17016
17022
17025
17025
17030
17051
17058
17067
17085
17089
17093
17107
17117
17119
17127
17130
17137
17138
17143
17161
17172
17183
17189
17197
17208
17217
17229
17232
17232
17243
17246
17261
17269
17273
17276
17286
17300
17302
17307
17309
17321
17323
17323
17333
17345
17355
17357
17360
17377
17383
17413
17462
17471
17484
17488
17488
17519
17520
17555
17576
17582
17587
17617
17633
17641
17650
17654
17672
17685
17714
17718
17724
17732
17738
17760
17766
17773
17777
17781
17788
17824
17836
17840
17841
17842
17845
17857
17858
17900
17908
17918
17918
17922
17945
17946
17972
17997
18000
18023
18030
18037
18040
18046
18053
18068
18084
18097
18104
18106
18108
18116
18127
18134
18144
18164
18166
18172
18174
18175
18187
18200
18216
18233
18255
18290
18292
18297
18327
18327
18332
18336
18340
18346
18367
18369
18373
18373
18392
18429
18466
18479
18500
18531
18570
18571
18581
18584
18593
18602
18616
18619
18627
18633
18674
18679
18682
18704
18707
18710
18724
18730
18751
18756
18761
18788
18799
18800
18811
18820
18822
18836
18837
18866
18876
18885
18901
18901
18914
18914
18933
18940
18943
18948
18959
18964
18964
18966
18973
18977
18979
18983
18986
19012
19012
19016
19027
19030
19031
19037
19057
19092
19111
19112
19114
19154
19154
19154
19165
19166
19169
19175
19176
19199
19248
19294
19296
19307
19333
19337
19349
19356
19356
19365
19370
19421
19422
19444
19451
19467
19510
19512
19530
19531
19545
19561
19583
19597
19607
19612
19635
19645
19661
19666
19688
19718
19739
19746
19757
19774
19800
19816
19841
19844
19876
19877
19904
19919
19933
19947
19953
19975
19989
20000
20005
20019
20026
20031
20052
20075
20080
20089
20095
20133
20152
20169
20171
20172
20172
20195
20198
20241
20241
20249
20257
20260
20262
20268
20277
20289
20294
20294
20306
20325
20337
20342
20350
20353
20371
20371
20374
20392
20400
20402
20409
20409
20423
20436
20461
20476
20484
20486
20491
20497
20506
20507
20509
20512
20513
20536
20563
20569
20574
20578
20581
20590
20605
20606
20610
20613
20613
20615
20627
20635
20650
20655
20705
20720
20723
20727
20737
20771
20779
20784
20796
20814
20821
20821
20827
20834
20837
20848
20859
20870
20885
20887
20897
20911
20926
20946
20950
20963
20971
20984
20984
21002
21020
21021
21023
21024
21038
21049
21059
21063
21065
21077
21086
21092
21143
21145
21156
21159
21195
21211
21230
21241
21244
21257
21257
21292
21314
21314
21322
21324
21354
21359
21369
21370
21384
21412
21417
21434
21458
21460
21487
21495
21499
21512
21528
21531
21557
21562
21566
21576
21581
21592
21596
21599
21603
21606
21610
21611
21613
21625
21640
21644
21654
21655
21669
21680
21681
21719
21728
21740
21740
21754
21755
21766
21777
21793
21807
21819
21824
21829
21851
21878
21884
21898
21913
21914
21952
21953
21954
21957
21958
21978
21986
21996
22011
22012
22029
22040
22050
22054
22054
22057
22092
22102
22103
22105
22115
22121
22121
22125
22135
22141
22145
22170
22172
22175
22175
22189
22192
22196
22198
22200
22206
22225
22230
22236
22241
22247
22247
22250
22255
22274
22281
22283
22288
22293
22302
22310
22321
22321
22335
22362
22368
22376
22394
22402
22410
22410
22413
22477
22479
22480
22484
22488
22516
22530
22553
22560
22563
22576
22586
22608
22634
22666
22681
22731
22737
22737
22746
22751
22765
22793
22796
22807
22812
22829
22832
22833
22839
22844
22857
22860
22863
22881
22891
22892
22903
22908
22920
22927
22946
22947
22950
22978
22980
22982
23016
23024
23030
23033
23045
23053
23059
23059
23063
23064
23085
23086
23097
23097
23098
23117
23122
23132
23166
23171
23181
23182
23195
23208
23217
23239
23240
23240
23242
23252
23255
23261
23282
23287
23288
23305
23313
23315
23330
23331
23342
23344
23352
23363
23372
23400
23403
23425
23433
23434
23475
23481
23487
23487
23490
23504
23505
23533
23547
23549
23582
23589
23590
23604
23607
23636
23650
23674
23676
23687
23688
23695
23697
23730
23778
23786
23791
23795
23809
23812
23812
23814
23816
23825
23839
23850
23857
23865
23868
23885
23910
23912
23912
23915
23918
23943
23945
23951
23954
23956
23956
23965
23969
23977
23982
23983
23988
24005
24030
24030
24042
24049
24067
24072
24084
24089
24122
24122
24122
24146
24150
24162
24167
24175
24181
24209
24211
24217
24226
24227
24244
24251
24259
24260
24264
24272
24294
24294
24301
24310
24312
24322
24350
24351
24353
24358
24366
24366
24392
24403
24412
24416
24420
24425
24431
24457
24460
24470
24480
24489
24516
24521
24532
24537
24540
24544
24564
24566
24572
24586
24587
24597
24598
24599
24604
24608
24627
24627
24643
24651
24658
24664
24674
24701
24703
24704
24716
24721
24735
24775
24781
24810
24812
24825
24829
24839
24843
24847
24853
24855
24858
24870
24887
24894
24897
24913
24914
24932
24933
24943
24952
24957
24967
24967
24969
24980
24990
24993
25005
25017
25080
25099
25105
25107
25111
25113
25128
25131
25149
25155
25157
25191
25196
25204
25205
25233
25261
25273
25277
25285
25285
25305
25317
25348
25374
25394
25395
25409
25429
25430
25434
25449
25461
25474
25479
25486
25501
25501
25521
25540
25568
25569
25572
25597
25599
25614
25615
25618
25630
25640
25646
25655
25662
25667
25668
25683
25694
25698
25717
25719
25728
25730
25741
25756
25770
25797
25809
25812
25821
25823
25831
25837
25856
25858
25866
25876
25880
25883
25890
25925
25942
25945
25946
25950
25976
25980
25983
25988
26009
26010
26014
26020
26048
26060
26060
26072
26074
26084
26097
26104
26111
26118
26121
26128
26133
26148
26153
26172
26176
26176
26185
26263
26266
26278
26295
26303
26307
26311
26313
26321
26324
26339
26355
26362
26390
26396
26431
26436
26438
26446
26455
26467
26469
26471
26474
26477
26479
26481
26482
26510
26533
26534
26537
26547
26547
26547
26548
26551
26570
26591
26591
26614
26640
26666
26686
26694
26750
26755
26758
26761
26780
26784
26791
26806
26808
26811
26818
26824
26828
26834
26859
26887
26900
26911
26917
26958
26959
26960
26964
26964
26967
26970
26976
26980
26982
26990
26990
27000
27001
27019
27028
27032
27033
27038
27048
27048
27050
27060
27060
27078
27081
27092
27111
27111
27114
27117
27126
27132
27135
27146
27159
27193
27200
27205
27212
27222
27230
27231
27238
27263
27274
27274
27274
27309
27347
27358
27364
27366
27389
27389
27402
27406
27413
27417
27441
27485
27487
27513
27518
27518
27527
27545
27551
27564
27610
27618
27641
27709
27713
27739
27763
27773
27775
27798
27800
27809
27814
27828
27832
27844
27848
27869
27882
27889
27893
27895
27912
27929
27953
27962
27976
28013
28016
28029
28034
28047
28057
28063
28064
28085
28102
28109
28111
28116
28116
28126
28136
28146
28154
28178
28187
28187
28198
28202
28211
28222
28249
28249
28251
28259
28272
28273
28286
28288
28297
28310
28310
28341
28350
28365
28379
28387
28391
28395
28417
28420
28421
28422
28433
28446
28447
28453
28461
28465
28469
28486
28488
28503
28507
28510
28517
28521
28532
28539
28549
28555
28557
28559
28570
28575
28583
28590
28599
28603
28649
28668
28668
28671
28692
28699
28726
28760
28766
28781
28794
28797
28808
28817
28819
28831
28869
28874
28884
28889
28904
28920
28937
28946
28959
28981
29000
29000
29002
29008
29013
29020
29042
29048
29061
29090
29091
29134
29137
29139
29140
29141
29165
29167
29174
29189
29208
29220
29222
29228
29231
29244
29246
29277
29278
29279
29282
29283
29305
29309
29320
29327
29330
29333
29349
29360
29403
29403
29409
29416
29435
29447
29452
29457
29460
29462
29474
29495
29496
29507
29511
29524
29550
29552
29552
29557
29557
29562
29571
29580
29581
29592
29595
29598
29653
29655
29672
29675
29701
29729
29778
29784
29791
29792
29800
29815
29824
29835
29856
29862
29862
29865
29882
29891
29891
29892
29903
29912
29916
29919
29920
29922
29926
29926
29934
29944
29954
29958
29985
29988
29988
30002
30010
30021
30029
30039
30057
30070
30076
30088
30091
30100
30149
30151
30172
30180
30185
30202
30231
30236
30244
30247
30251
30252
30255
30270
30271
30275
30276
30286
30290
30291
30307
30311
30321
30328
30332
30355
30364
30368
30369
30381
30396
30398
30443
30468
30490
30510
30510
30526
30528
30552
30562
30562
30563
30573
30580
30582
30585
30601
30613
30617
30643
30650
30657
30669
30673
30690
30691
30703
30708
30714
30725
30729
30738
30761
30766
30774
30790
30795
30801
30824
30826
30836
30842
30842
30862
30866
30870
30874
30876
30921
30924
30926
30928
30941
30970
30978
31015
31015
31018
31025
31027
31049
31074
31074
31079
31086
31088
31090
31135
31138
31141
31154
31159
31166
31175
31178
31182
31192
31192
31203
31208
31217
31220
31225
31239
31269
31282
31283
31293
31293
31299
31301
31303
31312
31326
31333
31339
31357
31381
31400
31402
31410
31416
31441
31471
31488
31510
31517
31522
31524
31526
31529
31532
31532
31536
31537
31559
31595
31598
31608
31619
31623
31625
31629
31635
31639
31648
31653
31662
31667
31676
31685
31686
31688
31690
31703
31707
31712
31727
31729
31729
31730
31735
31756
31759
31768
31775
31786
31799
31805
31810
31814
31819
31834
31846
31852
31869
31871
31880
31895
31901
31921
31921
31933
31945
31952
31955
31986
31994
31994
32007
32008
32019
32028
32034
32040
32044
32044
32050
32085
32091
32111
32152
32160
32194
32199
32206
32236
32236
32250
32259
32264
32273
32275
32278
32281
32285
32297
32337
32339
32356
32366
32373
32376
32391
32457
32460
32502
32513
32529
32539
32547
32552
32554
32577
32582
32584
32598
32601
32606
32609
32615
32619
32623
32631
32634
32651
32653
32660
32668
32683
32697
32710
32744
32747
32748
32755
32773
32776
32777
32778
32780
32781
32796
32803
32829
32840
32864
32870
32889
32901
32920
32927
32964
32978
32982
33001
33010
33049
33070
33084
33096
33097
33098
33112
33138
33153
33156
33185
33193
33203
33214
33219
33234
33251
33267
33281
33306
33307
33311
33329
33382
33404
33439
33439
33440
33445
33456
33456
33461
33470
33472
33473
33492
33499
33525
33531
33534
33534
33539
33557
33559
33560
33567
33571
33583
33585
33591
33594
33605
33611
33618
33626
33635
33645
33645
33662
33681
33683
33688
33700
33713
33728
33743
33743
33746
33748
33765
33784
33803
33818
33852
33861
33865
33877
33882
33888
33890
33891
33891
33898
33901
33943
33948
33949
33950
34012
34017
34023
34029
34035
34043
34050
34057
34066
34079
34082
34084
34091
34096
34103
34108
34120
34138
34160
34171
34191
34195
34197
34198
34205
34210
34222
34244
34252
34266
34316
34317
34332
34348
34349
34368
34396
34409
34410
34412
34414
34425
34460
34464
34465
34479
34489
34506
34521
34526
34539
34544
34551
34561
34568
34587
34588
34590
34604
34644
34644
34645
34650
34677
34685
34691
34698
34708
34714
34723
34734
34754
34779
34788
34808
34815
34834
34842
34868
34874
34875
34882
34891
34897
34904
34917
34917
34929
34939
34951
34969
35005
35013
35022
35034
35040
35048
35049
35051
35060
35062
35081
35088
35093
35100
35111
35133
35135
35151
35167
35188
35195
35205
35206
35207
35209
35214
35219
35227
35264
35278
35303
35303
35312
35324
35331
35357
35364
35370
35372
35382
35384
35388
35397
35446
35451
35474
35498
35518
35519
35520
35544
35561
35565
35565
35571
35572
35575
35581
35588
35590
35590
35594
35595
35611
35617
35624
35636
35660
35669
35675
35692
35694
35702
35718
35746
35747
35767
35789
35792
35794
35807
35810
35818
35818
35843
35873
35878
35905
35909
35926
35943
35978
35979
35995
35998
36001
36004
36004
36022
36027
36031
36038
36040
36043
36045
36071
36072
36077
36098
36123
36132
36133
36143
36164
36173
36174
36199
36207
36210
36210
36212
36216
36229
36247
36268
36297
36298
36315
36322
36329
36334
36346
36354
36357
36364
36373
36374
36394
36415
36417
36438
36440
36484
36515
36530
36530
36536
36540
36546
36546
36552
36553
36554
36563
36569
36582
36589
36597
36597
36601
36603
36616
36631
36649
36658
36665
36667
36667
36669
36680
36716
36719
36728
36738
36744
36750
36752
36758
36761
36769
36771
36782
36786
36799
36815
36820
36825
36841
36851
36864
36866
36906
36941
36941
36955
36961
36966
36966
36973
36985
36995
37005
37014
37024
37026
37041
37046
37056
37060
37074
37083
37088
37099
37148
37168
37171
37185
37188
37192
37198
37233
37235
37243
37257
37269
37271
37308
37308
37323
37331
37346
37348
37377
37383
37398
37402
37414
37416
37418
37423
37438
37454
37467
37471
37493
37502
37518
37521
37536
37571
37578
37597
37604
37610
37611
37614
37621
37626
37645
37650
37668
37681
37698
37700
37720
37733
37735
37741
37754
37762
37781
37794
37823
37824
37829
37849
37853
37869
37871
37883
37887
37889
37933
37937
37938
37949
37990
38032
38036
38057
38072
38075
38075
38112
38115
38121
38121
38133
38134
38144
38145
38146
38146
38151
38154
38159
38172
38186
38205
38223
38232
38239
38271
38285
38295
38303
38316
38321
38322
38327
38334
38343
38354
38361
38384
38406
38407
38424
38426
38426
38427
38428
38429
38434
38442
38462
38467
38475
38482
38509
38524
38529
38537
38554
38555
38558
38573
38573
38593
38595
38611
38614
38623
38623
38635
38644
38649
38651
38657
38680
38681
38693
38695
38706
38722
38726
38726
38729
38729
38760
38771
38781
38782
38782
38787
38827
38832
38834
38837
38857
38875
38877
38885
38890
38892
38893
38904
38907
38913
38915
38917
38956
38961
38977
38983
38992
39009
39009
39022
39025
39027
39030
39033
39035
39053
39067
39071
39086
39087
39099
39111
39115
39128
39155
39179
39188
39194
39200
39220
39224
39239
39248
39253
39294
39300
39305
39307
39325
39339
39349
39355
39359
39364
39374
39383
39385
39389
39392
39396
39407
39419
39420
39430
39433
39440
39445
39446
39458
39476
39478
39480
39491
39506
39513
39520
39527
39536
39536
39560
39567
39572
39583
39594
39616
39622
39623
39626
39647
39657
39666
39667
39677
39701
39706
39710
39719
39739
39764
39774
39774
39786
39787
39839
39839
39840
39843
39844
39859
39897
39906
39937
39938
39948
39972
39977
39999
40007
40011
40013
40037
40049
40053
40064
40072
40103
40105
40107
40111
40115
40129
40140
40175
40180
40219
40235
40241
40243
40253
40275
40280
40301
40313
40321
40324
40331
40345
40348
40355
40355
40370
40386
40401
40403
40419
40421
40423
40430
40470
40481
40486
40495
40499
40529
40536
40544
40546
40547
40549
40560
40561
40564
40592
40596
40615
40626
40627
40632
40642
40649
40650
40656
40656
40667
40673
40681
40694
40698
40701
40704
40707
40717
40717
40735
40746
40759
40774
40776
40778
40779
40779
40801
40804
40826
40842
40850
40853
40862
40869
40877
40885
40886
40890
40894
40895
40907
40909
40909
40923
40925
40925
40931
40950
40953
40957
40979
40979
40990
41005
41008
41008
41026
41029
41047
41047
41047
41054
41057
41061
41065
41068
41069
41092
41096
41119
41125
41128
41130
41132
41136
41137
41138
41139
41143
41154
41157
41178
41192
41221
41221
41223
41232
41235
41241
41246
41247
41249
41256
41258
41258
41283
41305
41308
41308
41309
41311
41335
41343
41352
41353
41353
41369
41372
41374
41383
41389
41394
41413
41420
41430
41430
41438
41439
41445
41447
41469
41473
41493
41501
41513
41536
41540
41552
41557
41557
41567
41578
41580
41581
41585
41590
41596
41604
41630
41631
41654
41694
41702
41705
41715
41728
41745
41745
41766
41774
41777
41781
41786
41795
41795
41795
41802
41811
41824
41824
41825
41856
41873
41878
41882
41885
41888
41890
41890
41897
41906
41913
41914
41924
41928
41933
41941
41952
41987
42003
42012
42015
42017
42018
42026
42050
42050
42079
42093
42113
42122
42152
42153
42157
42162
42188
42190
42233
42239
42241
42252
42258
42265
42273
42285
42290
42299
42304
42318
42320
42334
42340
42350
42360
42371
42385
42391
42397
42400
42422
42422
42430
42438
42447
42450
42458
42465
42468
42476
42483
42493
42499
42500
42513
42523
42525
42527
42534
42543
42591
42592
42601
42614
42629
42641
42658
42660
42664
42666
42667
42669
42686
42702
42703
42712
42734
42743
42751
42751
42752
42755
42777
42793
42795
42821
42828
42849
42857
42865
42883
42892
42903
42905
42907
42954
42977
43003
43006
43009
43039
43052
43087
43110
43117
43134
43135
43143
43148
43149
43156
43158
43160
43162
43166
43202
43204
43212
43214
43220
43229
43229
43230
43232
43253
43255
43268
43276
43280
43287
43305
43305
43315
43320
43322
43324
43336
43337
43348
43353
43354
43395
43395
43400
43403
43460
43470
43488
43505
43533
43543
43547
43552
43563
43565
43571
43572
43588
43590
43610
43645
43649
43651
43657
43672
43677
43681
43699
43708
43715
43721
43731
43735
43745
43776
43810
43817
43827
43869
43881
43882
43945
43949
43951
43958
43962
43963
43966
43966
44003
44012
44014
44015
44017
44020
44029
44029
44032
44058
44087
44090
44094
44095
44103
44126
44126
44153
44154
44157
44159
44168
44169
44178
44189
44196
44205
44218
44227
44230
44250
44291
44301
44314
44331
44331
44358
44366
44384
44384
44387
44397
44417
44417
44422
44448
44464
44475
44477
44489
44496
44503
44511
44521
44532
44541
44553
44555
44559
44565
44578
44580
44592
44595
44619
44620
44632
44635
44639
44653
44658
44674
44685
44692
44718
44735
44738
44746
44766
44773
44821
44851
44861
44862
44862
44881
44883
44888
44895
44908
44922
44929
44936
44950
44991
44998
45006
45017
45020
45022
45041
45065
45068
45071
45108
45115
45129
45139
45160
45162
45164
45169
45173
45177
45186
45196
45202
45205
45209
45210
45249
45251
45264
45271
45285
45286
45318
45347
45352
45352
45358
45370
45370
45370
45384
45394
45397
45402
45418
45434
45440
45441
45453
45467
45470
45480
45501
45514
45527
45543
45550
45556
45560
45573
45585
45590
45608
45633
45635
45636
45648
45684
45685
45688
45689
45697
45699
45712
45717
45733
45744
45768
45775
45778
45781
45789
45803
45805
45809
45813
45826
45827
45844
45846
45850
45852
45856
45856
45890
45895
45900
45901
45904
45917
45929
45950
45952
45980
45982
45984
45990
46001
46004
46014
46030
46031
46035
46038
46047
46051
46055
46061
46089
46101
46114
46129
46134
46137
46138
46149
46161
46193
46193
46195
46201
46222
46261
46271
46278
46283
46299
46301
46303
46306
46307
46307
46321
46332
46340
46351
46356
46360
46365
46386
46404
46413
46420
46428
46433
46435
46445
46462
46463
46465
46478
46485
46486
46498
46502
46506
46507
46508
46513
46555
46571
46574
46592
46595
46608
46618
46631
46646
46649
46662
46666
46675
46695
46711
46719
46726
46730
46734
46747
46764
46810
46836
46836
46842
46844
46868
46876
46908
46915
46917
46932
46942
46968
46992
47000
47003
47004
47008
47014
47031
47032
47035
47038
47038
47058
47065
47103
47116
47121
47129
47175
47183
47192
47202
47211
47221
47222
47224
47266
47283
47304
47319
47344
47357
47365
47381
47388
47396
47409
47430
47436
47442
47450
47457
47479
47479
47512
47527
47550
47557
47557
47560
47613
47615
47643
47659
47666
47706
47708
47716
47748
47773
47792
47806
47808
47812
47847
47854
47859
47880
47891
47897
47898
47898
47910
47934
47955
47964
47999
48011
48017
48045
48053
48056
48059
48070
48081
48128
48136
48160
48166
48187
48198
48202
48205
48216
48231
48239
48245
48257
48257
48260
48273
48291
48293
48298
48304
48314
48320
48320
48327
48334
48336
48345
48353
48367
48374
48389
48396
48414
48427
48435
48436
48437
48438
48477
48484
48497
48509
48514
48515
48534
48548
48552
48560
48565
48592
48603
48614
48618
48621
48627
48644
48655
48675
48685
48687
48694
48695
48708
48717
48728
48734
48741
48751
48753
48759
48761
48790
48805
48805
48814
48818
48823
48834
48839
48841
48848
48850
48881
48882
48889
48918
48943
48976
48983
48985
48985
48987
48987
49004
49006
49011
49045
49052
49053
49063
49069
49083
49091
49094
49113
49131
49141
49144
49162
49162
49167
49201
49209
49210
49210
49213
49217
49218
49219
49231
49234
49244
49252
49262
49290
49309
49324
49326
49331
49335
49377
49383
49404
49406
49412
49421
49422
49433
49447
49451
49452
49460
49463
49463
49474
49475
49503
49521
49524
49527
49536
49546
49554
49555
49562
49590
49595
49599
49621
49681
49684
49686
49692
49699
49703
49725
49729
49733
49740
49753
49758
49762
49764
49768
49833
49837
49838
49851
49863
49864
49868
49884
49884
49884
49884
49891
49894
49895
49937
49939
49944
49945
49947
49955
49965
49968
49976
49980
49990
49994
50000
50034
50051
50073
50092
50095
50104
50111
50130
50142
50143
50162
50165
50192
50193
50193
50195
50199
50221
50222
50254
50267
50268
50268
50271
50273
50282
50296
50312
50313
50315
50332
50368
50374
50380
50388
50406
50421
50431
50477
50487
50518
50534
50538
50567
50647
50647
50654
50655
50659
50671
50695
50709
50712
50713
50714
50717
50728
50732
50737
50768
50776
50778
50782
50784
50785
50791
50796
50814
50816
50828
50830
50835
50837
50848
50851
50855
50863
50878
50890
50901
50920
50961
50962
50970
50975
50988
50993
51000
51003
51004
51007
51036
51050
51080
51080
51083
51086
51112
51126
51177
51182
51185
51202
51213
51216
51216
51222
51223
51245
51254
51306
51326
51332
51335
51336
51340
51341
51360
51365
51380
51394
51398
51401
51413
51427
51429
51458
51474
51478
51497
51499
51508
51521
51523
51546
51548
51550
51563
51618
51620
51621
51631
51662
51671
51674
51679
51684
51691
51700
51713
51723
51745
51754
51768
51771
51780
51781
51798
51820
51825
51833
51854
51868
51873
51877
51897
51898
51903
51922
51924
51936
51944
51948
51959
51960
51963
51963
51966
51966
51978
51987
51995
52020
52022
52024
52044
52065
52065
52070
52071
52074
52080
52106
52113
52126
52128
52137
52162
52165
52173
52185
52203
52204
52210
52223
52251
52270
52270
52278
52282
52284
52284
52296
52296
52297
52300
52303
52318
52319
52334
52341
52342
52344
52349
52352
52354
52388
52395
52407
52418
52426
52427
52427
52428
52430
52461
52491
52505
52512
52515
52522
52526
52537
52554
52559
52562
52566
52567
52576
52584
52591
52610
52613
52632
52633
52642
52643
52651
52668
52670
52673
52698
52705
52707
52710
52710
52715
52733
52740
52755
52781
52801
52804
52805
52847
52868
52875
52879
52905
52908
52924
52924
52926
52939
52944
52952
52962
52975
52975
52983
52993
52996
53000
53012
53034
53037
53040
53050
53062
53063
53063
53070
53072
53080
53103
53103
53109
53125
53129
53138
53153
53162
53165
53181
53196
53235
53236
53248
53253
53253
53256
53257
53257
53258
53280
53285
53294
53297
53299
53318
53322
53339
53372
53391
53394
53397
53397
53434
53444
53446
53453
53461
53472
53472
53473
53477
53494
53522
53528
53542
53545
53549
53551
53567
53571
53585
53591
53596
53596
53599
53603
53616
53640
53641
53665
53668
53683
53692
53708
53732
53742
53744
53745
53761
53765
53768
53769
53779
53787
53798
53808
53808
53819
53822
53855
53859
53877
53880
53883
53889
53904
53910
53951
53955
53977
53981
53989
53993
53997
53998
54024
54035
54041
54042
54046
54046
54069
54083
54098
54100
54114
54124
54158
54158
54174
54182
54207
54212
54216
54218
54223
54238
54241
54242
54245
54252
54254
54255
54257
54258
54282
54283
54311
54322
54330
54350
54370
54385
54395
54397
54397
54405
54408
54408
54430
54432
54432
54434
54445
54448
54451
54478
54503
54518
54520
54521
54524
54542
54546
54550
54554
54563
54609
54610
54618
54631
54637
54640
54694
54743
54747
54758
54780
54785
54788
54797
54802
54820
54840
54846
54850
54872
54878
54879
54911
54915
54942
54956
54969
54970
54978
54983
54987
54990
55022
55039
55042
55056
55071
55085
55136
55142
55157
55172
55191
55199
55222
55240
55267
55267
55277
55281
55282
55294
55302
55303
55309
55310
55322
55323
55330
55330
55357
55360
55362
55374
55388
55400
55402
55405
55406
55427
55463
55472
55484
55489
55502
55507
55533
55538
55544
55567
55584
55586
55599
55601
55663
55667
55690
55693
55696
55708
55718
55748
55754
55770
55778
55786
55822
55830
55836
55843
55856
55867
55868
55885
55889
55897
55897
55898
55905
55908
55909
55909
55916
55933
55933
55947
56000
56012
56044
56045
56060
56061
56066
56072
56074
56080
56083
56093
56097
56097
56114
56116
56136
56141
56158
56159
56160
56161
56164
56170
56170
56170
56172
56175
56182
56188
56195
56199
56209
56218
56219
56229
56238
56247
56253
56262
56270
56302
56305
56312
56313
56322
56331
56346
56353
56354
56354
56355
56370
56395
56401
56414
56419
56423
56425
56427
56430
56433
56444
56444
56481
56524
56530
56530
56534
56537
56552
56554
56554
56583
56602
56609
56614
56622
56627
56628
56633
56646
56658
56662
56678
56696
56698
56705
56721
56724
56752
56759
56759
56769
56773
56775
56775
56786
56795
56798
56801
56803
56805
56821
56826
56829
56831
56870
56896
56897
56917
56917
56930
56966
56971
56977
56984
56987
56996
57016
57023
57027
57030
57042
57042
57058
57061
57083
57098
57103
57104
57111
57117
57130
57132
57134
57157
57173
57177
57179
57198
57199
57206
57223
57242
57311
57333
57346
57351
57352
57365
57377
57385
57385
57387
57390
57394
57395
57411
57421
57432
57433
57456
57456
57458
57484
57508
57513
57522
57529
57535
57585
57604
57610
57621
57632
57645
57666
57687
57716
57719
57753
57766
57769
57773
57775
57777
57790
57792
57800
57812
57818
57824
57825
57836
57838
57848
57857
57861
57865
57872
57876
57882
57883
57885
57889
57890
57893
57898
57899
57902
57915
57920
57934
57962
57966
57966
57966
57982
57988
57989
57991
58001
58013
58014
58014
58020
58024
58034
58039
58045
58047
58050
58053
58057
58064
58066
58100
58108
58112
58118
58126
58136
58139
58143
58154
58157
58157
58159
58164
58168
58176
58178
58188
58200
58201
58216
58220
58250
58260
58313
58324
58327
58330
58336
58339
58358
58398
58402
58406
58420
58440
58440
58445
58446
58463
58467
58482
58493
58495
58507
58513
58514
58524
58564
58587
58597
58598
58612
58620
58622
58631
58635
58635
58636
58636
58644
58670
58701
58712
58720
58745
58752
58763
58777
58779
58801
58802
58803
58810
58815
58827
58828
58830
58838
58843
58847
58872
58873
58886
58897
58898
58913
58918
58918
58921
58926
58929
58933
58935
58937
59000
59014
59019
59049
59052
59054
59057
59069
59074
59077
59081
59087
59105
59107
59117
59126
59159
59162
59165
59170
59178
59196
59199
59221
59226
59228
59243
59290
59305
59318
59319
59329
59341
59344
59355
59360
59362
59368
59377
59384
59402
59403
59407
59408
59422
59426
59426
59429
59432
59470
59472
59474
59485
59492
59499
59509
59511
59512
59522
59528
59538
59578
59581
59583
59584
59616
59626
59635
59662
59671
59684
59699
59702
59707
59718
59747
59754
59773
59774
59785
59788
59795
59806
59853
59854
59855
59875
59880
59915
59917
59945
59946
59961
59989
59998
59999
60014
60015
60017
60046
60055
60060
60068
60078
60081
60084
60085
60133
60137
60147
60151
60164
60167
60169
60178
60199
60203
60206
60232
60233
60241
60241
60248
60251
60258
60262
60279
60281
60336
60338
60338
60340
60345
60345
60346
60353
60369
60370
60378
60379
60399
60419
60426
60435
60452
60454
60467
60474
60476
60482
60490
60513
60522
60530
60534
60537
60540
60567
60574
60575
60581
60582
60582
60582
60588
60593
60617
60619
60620
60623
60651
60663
60671
60675
60682
60694
60719
60720
60733
60735
60765
60765
60771
60774
60792
60797
60816
60834
60847
60868
60883
60885
60894
60900
60914
60916
60924
60935
60941
60970
60972
60974
60980
60995
61001
61007
61029
61060
61088
61103
61106
61114
61132
61139
61139
61160
61163
61186
61190
61196
61208
61214
61216
61222
61231
61232
61236
61260
61273
61274
61291
61302
61302
61314
61314
61346
61379
61391
61405
61426
61447
61517
61527
61535
61540
61544
61554
61611
61614
61628
61642
61649
61656
61657
61660
61681
61690
61691
61700
61704
61726
61737
61742
61746
61752
61768
61780
61783
61800
61810
61810
61812
61842
61845
61850
61889
61895
61898
61901
61921
61926
61928
61939
61945
61984
61998
62012
62022
62037
62046
62056
62066
62070
62070
62077
62079
62086
62089
62107
62111
62121
62123
62133
62134
62149
62154
62158
62206
62209
62212
62275
62276
62287
62295
62298
62305
62323
62324
62325
62327
62331
62354
62359
62373
62379
62389
62412
62430
62464
62470
62480
62487
62490
62503
62512
62516
62519
62527
62529
62538
62543
62545
62548
62549
62560
62600
62619
62620
62626
62645
62650
62661
62662
62666
62674
62697
62699
62701
62717
62720
62722
62745
62746
62747
62767
62772
62805
62807
62813
62815
62828
62843
62848
62851
62851
62855
62860
62868
62878
62884
62886
62894
62899
62919
62926
62942
62946
62952
62957
62970
62975
62979
63005
63020
63040
63041
63057
63067
63077
63080
63089
63095
63101
63110
63118
63119
63137
63139
63146
63147
63148
63149
63154
63187
63189
63210
63216
63228
63228
63228
63230
63242
63251
63262
63267
63278
63280
63283
63291
63295
63296
63320
63335
63360
63361
63366
63375
63387
63390
63402
63407
63414
63426
63450
63455
63461
63474
63476
63477
63486
63492
63509
63532
63543
63550
63550
63551
63554
63558
63562
63566
63568
63573
63605
63614
63636
63640
63647
63651
63658
63668
63721
63762
63792
63801
63804
63805
63809
63816
63824
63830
63832
63834
63836
63837
63845
63845
63858
63861
63868
63870
63873
63883
63884
63886
63892
63895
63907
63915
63924
63925
63929
63954
63983
63991
63995
64008
64018
64031
64050
64056
64066
64066
64068
64088
64097
64119
64122
64122
64134
64160
64168
64169
64172
64190
64218
64227
64227
64227
64235
64243
64247
64249
64266
64280
64302
64303
64306
64311
64351
64351
64356
64364
64368
64383
64403
64403
64408
64414
64417
64421
64421
64434
64443
64449
64452
64456
64491
64520
64525
64542
64559
64577
64604
64608
64609
64615
64616
64618
64631
64635
64639
64642
64655
64700
64710
64716
64716
64726
64748
64751
64755
64774
64776
64779
64788
64792
64793
64808
64813
64820
64829
64832
64846
64856
64871
64871
64874
64887
64891
64892
64894
64899
64914
64917
64917
64921
64927
64928
64942
64948
64953
64955
64956
64960
64962
64971
64977
64990
64993
64993
64994
65007
65010
65011
65028
65034
65053
65062
65065
65072
65102
65104
65110
65111
65124
65160
65163
65175
65186
65197
65201
65220
65235
65276
65293
65300
65303
65308
65312
65313
65313
65323
65327
65329
65345
65347
65362
65363
65377
65381
65396
65407
65409
65419
65421
65422
65427
65430
65431
65437
65440
65467
65483
65492
65494
65497
65507
65522
65543
65546
65551
65551
65566
65574
65577
65580
65583
65603
65603
65621
65623
65636
65645
65656
65681
65695
65700
65715
65716
65719
65726
65737
65741
65760
65765
65788
65789
65806
65837
65848
65868
65885
65888
65894
65896
65904
65921
65925
65935
65940
65944
65945
65946
65953
65972
65973
65977
65991
66012
66016
66017
66046
66049
66049
66059
66064
66072
66076
66104
66114
66117
66130
66150
66153
66160
66171
66173
66179
66186
66212
66217
66235
66235
66244
66251
66266
66267
66277
66308
66323
66342
66347
66359
66360
66362
66367
66387
66398
66403
66414
66432
66456
66457
66459
66464
66471
66472
66476
66486
66517
66523
66530
66538
66539
66563
66573
66588
66598
66601
66602
66602
66614
66623
66625
66625
66644
66663
66670
66697
66703
66725
66731
66732
66736
66752
66756
66759
66761
66766
66766
66777
66784
66802
66803
66810
66823
66835
66843
66852
66856
66891
66896
66933
66933
66935
66943
66950
66952
66969
66973
66977
66982
66994
67018
67022
67028
67034
67047
67061
67062
67065
67065
67117
67122
67141
67150
67209
67212
67214
67216
67217
67217
67234
67239
67291
67292
67320
67323
67355
67365
67381
67386
67395
67396
67406
67409
67418
67425
67430
67466
67480
67494
67512
67554
67559
67563
67567
67587
67595
67605
67607
67617
67626
67640
67641
67641
67642
67672
67677
67688
67689
67692
67700
67712
67720
67747
67764
67776
67786
67800
67801
67812
67812
67833
67839
67854
67866
67879
67885
67891
67960
67961
67962
67966
67969
67987
68002
68009
68020
68037
68048
68061
68064
68068
68076
68080
68101
68108
68110
68114
68125
68130
68166
68171
68184
68188
68188
68211
68211
68215
68220
68223
68261
68264
68268
68269
68278
68298
68298
68299
68302
68315
68315
68319
68328
68328
68353
68367
68373
68377
68424
68425
68431
68439
68470
68480
68485
68488
68495
68497
68504
68509
68538
68543
68563
68573
68601
68602
68615
68638
68643
68648
68666
68668
68684
68693
68695
68696
68703
68715
68717
68728
68747
68772
68796
68797
68811
68814
68839
68857
68864
68871
68874
68885
68909
68915
68920
68921
68929
68938
68945
68991
69000
69001
69007
69019
69023
69058
69060
69073
69078
69079
69079
69082
69101
69104
69109
69113
69119
69138
69142
69153
69155
69161
69165
69205
69208
69225
69232
69233
69234
69236
69261
69271
69279
69282
69282
69288
69289
69295
69313
69334
69354
69358
69362
69370
69371
69374
69376
69392
69397
69415
69423
69424
69432
69442
69443
69448
69465
69468
69505
69521
69535
69549
69553
69565
69569
69577
69580
69599
69606
69609
69613
69617
69632
69635
69648
69672
69676
69692
69705
69708
69722
69726
69736
69736
69755
69777
69790
69812
69819
69829
69835
69863
69874
69878
69882
69898
69909
69919
69924
69952
69957
69958
69963
69966
69971
69972
69976
69977
69988
70001
70011
70015
70035
70039
70048
70060
70063
70076
70078
70083
70095
70106
70112
70116
70117
70139
70140
70153
70173
70186
70206
70219
70227
70241
70250
70258
70268
70291
70293
70316
70316
70335
70347
70351
70352
70360
70362
70380
70396
70434
70449
70459
70484
70484
70495
70523
70524
70546
70546
70550
70561
70571
70575
70576
70592
70595
70602
70604
70609
70616
70623
70642
70672
70674
70680
70684
70689
70693
70699
70701
70710
70711
70715
70730
70734
70740
70752
70754
70755
70783
70784
70790
70803
70804
70820
70826
70834
70842
70843
70863
70882
70911
70914
70922
70925
70925
70951
70971
70984
70988
70997
71011
71015
71015
71036
71042
71067
71083
71092
71105
71112
71122
71161
71166
71166
71167
71171
71172
71177
71191
71197
71203
71206
71206
71211
71223
71228
71234
71254
71274
71298
71305
71319
71336
71339
71339
71347
71369
71387
71392
71399
71411
71413
71419
71421
71424
71432
71434
71439
71441
71441
71450
71453
71457
71473
71480
71481
71484
71485
71493
71497
71517
71532
71545
71554
71559
71578
71586
71593
71594
71596
71618
71620
71631
71633
71635
71643
71653
71656
71662
71665
71688
71703
71724
71731
71748
71752
71774
71791
71796
71835
71845
71855
71862
71866
71868
71888
71889
71904
71912
71912
71921
71933
71935
71947
71958
71978
72002
72021
72036
72049
72050
72051
72059
72062
72064
72067
72079
72083
72090
72090
72090
72135
72138
72146
72158
72161
72199
72215
72222
72239
72261
72280
72282
72296
72307
72311
72319
72341
72345
72346
72361
72365
72389
72404
72408
72419
72450
72451
72464
72469
72471
72478
72483
72483
72501
72507
72508
72532
72556
72577
72587
72622
72629
72636
72637
72640
72649
72676
72683
72700
72705
72722
72737
72746
72751
72755
72757
72758
72783
72784
72794
72804
72810
72831
72832
72854
72863
72864
72879
72884
72890
72893
72910
72913
72917
72946
72954
72955
72976
72981
73011
73011
73035
73062
73083
73084
73086
73126
73144
73153
73166
73202
73209
73216
73220
73237
73255
73275
73285
73290
73314
73316
73323
73341
73344
73369
73400
73413
73436
73440
73443
73456
73467
73477
73504
73508
73511
73515
73515
73519
73519
73537
73546
73549
73560
73570
73576
73579
73591
73591
73606
73624
73627
73646
73647
73686
73699
73704
73705
73718
73718
73730
73736
73737
73751
73760
73773
73774
73796
73797
73800
73801
73815
73816
73817
73832
73833
73869
73880
73889
73897
73918
73920
73923
73928
73931
73932
73947
73950
73955
73961
73970
73983
73985
74016
74018
74024
74025
74027
74039
74040
74042
74048
74061
74071
74077
74110
74118
74123
74124
74129
74130
74139
74161
74168
74198
74214
74215
74224
74230
74239
74242
74244
74248
74249
74251
74251
74255
74278
74302
74304
74315
74316
74316
74333
74337
74347
74353
74359
74363
74394
74399
74410
74413
74430
74435
74436
74469
74507
74526
74543
74545
74565
74588
74609
74611
74624
74626
74653
74660
74660
74679
74682
74693
74694
74718
74742
74753
74770
74771
74777
74805
74815
74842
74848
74855
74859
74859
74862
74874
74878
74894
74899
74906
74926
74956
74959
74982
75000
75008
75022
75030
75031
75042
75068
75088
75089
75101
75119
75133
75138
75145
75146
75150
75153
75157
75162
75162
75171
75182
75201
75201
75202
75203
75209
75213
75219
75225
75233
75246
75252
75267
75302
75303
75304
75307
75317
75324
75326
75328
75331
75331
75365
75387
75394
75414
75435
75436
75440
75449
75468
75479
75482
75486
75494
75530
75583
75583
75585
75588
75607
75610
75619
75621
75660
75666
75670
75694
75698
75702
75722
75726
75759
75795
75798
75802
75817
75825
75827
75856
75896
75896
75903
75903
75918
75921
75935
75936
75963
75970
75973
75978
76007
76014
76026
76035
76044
76058
76059
76059
76073
76079
76080
76092
76097
76104
76115
76132
76134
76136
76140
76190
76222
76232
76238
76241
76261
76296
76298
76316
76343
76357
76363
76367
76383
76427
76438
76441
76456
76463
76472
76481
76487
76497
76499
76501
76503
76516
76518
76520
76536
76536
76541
76548
76562
76577
76578
76594
76600
76613
76629
76647
76651
76659
76708
76710
76724
76752
76773
76783
76785
76788
76790
76803
76810
76832
76833
76838
76838
76850
76861
76869
76907
76920
76925
76933
76941
76942
76959
76990
76992
76995
77000
77008
77013
77020
77021
77043
77044
77047
77053
77056
77060
77063
77066
77067
77073
77078
77086
77088
77089
77090
77096
77099
77100
77143
77146
77173
77174
77185
77192
77198
77198
77212
77224
77229
77231
77237
77244
77250
77257
77268
77271
77275
77289
77300
77300
77318
77319
77325
77362
77366
77409
77424
77426
77437
77459
77500
77518
77519
77521
77523
77526
77528
77539
77542
77543
77545
77547
77556
77566
77570
77572
77579
77583
77585
77614
77620
77628
77635
77646
77650
77665
77671
77674
77678
77697
77715
77722
77732
77738
77742
77752
77753
77764
77764
77775
77779
77786
77795
77801
77823
77823
77850
77857
77857
77871
77895
77902
77906
77922
77931
77938
77970
78001
78015
78017
78023
78044
78059
78059
78064
78076
78090
78092
78111
78117
78135
78143
78150
78155
78156
78156
78159
78169
78180
78181
78215
78229
78243
78245
78245
78253
78280
78284
78287
78295
78325
78332
78336
78340
78341
78347
78367
78369
78378
78380
78388
78392
78407
78437
78442
78470
78475
78492
78537
78551
78554
78563
78566
78567
78575
78586
78593
78598
78621
78628
78638
78643
78643
78664
78675
78694
78708
78710
78710
78720
78726
78727
78737
78744
78748
78751
78770
78787
78798
78801
78804
78805
78818
78840
78857
78861
78863
78863
78874
78875
78877
78878
78880
78883
78903
78905
78924
78930
78931
78936
78945
78958
78967
78968
78994
79006
79011
79032
79033
79042
79051
79071
79072
79101
79103
79123
79129
79140
79142
79148
79161
79161
79170
79189
79222
79226
79230
79282
79286
79286
79299
79300
79314
79316
79317
79318
79341
79341
79367
79369
79370
79377
79400
79417
79420
79424
79433
79451
79453
79454
79479
79485
79489
79489
79491
79491
79498
79507
79580
79581
79593
79595
79597
79614
79619
79624
79629
79630
79638
79642
79655
79668
79679
79685
79690
79699
79701
79705
79717
79721
79727
79728
79745
79745
79751
79752
79763
79793
79794
79798
79808
79819
79823
79848
79850
79858
79864
79869
79869
79884
79887
79919
79936
79940
79949
79953
79958
79970
79978
79983
79985
79995
80013
80022
80034
80048
80064
80111
80114
80124
80146
80154
80178
80179
80190
80192
80192
80200
80201
80233
80253
80256
80262
80262
80265
80266
80271
80282
80291
80295
80307
80332
80342
80350
80361
80382
80398
80399
80412
80412
80422
80435
80435
80438
80441
80446
80450
80458
80478
80488
80507
80526
80536
80538
80553
80564
80577
80584
80585
80600
80607
80607
80617
80640
80645
80694
80698
80708
80721
80757
80772
80779
80780
80802
80804
80809
80818
80824
80836
80838
80846
80853
80855
80859
80862
80865
80866
80869
80878
80899
80903
80913
80918
80926
80933
80942
80950
80963
80968
80988
81002
81014
81015
81022
81032
81034
81037
81048
81071
81074
81074
81090
81094
81100
81102
81106
81118
81134
81142
81159
81162
81168
81174
81190
81210
81216
81217
81218
81221
81229
81241
81245
81252
81255
81256
81266
81278
81281
81303
81313
81314
81328
81330
81352
81359
81368
81394
81406
81409
81450
81451
81471
81479
81489
81490
81505
81506
81509
81510
81514
81548
81551
81554
81566
81568
81571
81582
81612
81621
81630
81652
81665
81674
81674
81680
81699
81699
81710
81715
81716
81722
81724
81738
81754
81756
81762
81773
81813
81817
81820
81824
81824
81828
81835
81841
81864
81867
81872
81875
81876
81892
81899
81907
81910
81942
81943
81944
81951
81962
81966
81966
81971
81978
81980
81988
81993
82019
82024
82030
82040
82057
82070
82086
82107
82109
82114
82114
82131
82144
82148
82160
82180
82191
82196
82219
82229
82241
82244
82255
82256
82261
82266
82268
82278
82282
82284
82292
82306
82308
82308
82324
82339
82347
82351
82359
82364
82367
82371
82390
82397
82405
82406
82415
82446
82459
82459
82463
82478
82508
82539
82551
82559
82565
82570
82579
82586
82601
82604
82622
82622
82623
82633
82635
82641
82667
82673
82678
82680
82700
82714
82720
82720
82720
82721
82747
82750
82778
82781
82806
82822
82829
82845
82854
82861
82879
82895
82901
82902
82906
82921
82927
82949
82976
82989
83006
83029
83030
83054
83055
83064
83069
83084
83094
83118
83125
83127
83130
83144
83160
83177
83183
83201
83234
83245
83280
83292
83293
83298
83299
83302
83313
83316
83326
83348
83354
83361
83361
83365
83383
83388
83398
83402
83415
83419
83419
83424
83425
83440
83446
83453
83468
83477
83483
83496
83497
83529
83539
83545
83549
83578
83589
83596
83597
83616
83630
83634
83637
83637
83641
83643
83646
83656
83659
83695
83698
83710
83716
83718
83718
83724
83739
83745
83756
83757
83781
83792
83795
83797
83797
83803
83821
83868
83883
83915
83947
83961
83962
83991
83995
84011
84013
84020
84034
84047
84058
84061
84064
84067
84077
84078
84083
84103
84103
84104
84124
84147
84147
84154
84158
84169
84174
84182
84184
84186
84187
84228
84232
84234
84247
84262
84266
84267
84281
84282
84307
84308
84313
84315
84335
84351
84368
84373
84387
84395
84395
84397
84397
84398
84400
84407
84417
84435
84441
84467
84506
84522
84557
84597
84603
84603
84608
84622
84632
84647
84647
84650
84650
84658
84675
84677
84684
84729
84737
84751
84757
84791
84792
84797
84825
84836
84860
84862
84863
84864
84877
84903
84903
84910
84938
84940
84942
84943
84946
84953
84955
84965
84966
84968
84971
84972
84974
84990
84999
85012
85014
85028
85044
85059
85060
85070
85076
85129
85154
85155
85161
85173
85175
85195
85216
85220
85224
85235
85258
85275
85288
85288
85288
85303
85309
85312
85314
85333
85360
85378
85421
85434
85444
85448
85458
85461
85477
85478
85485
85500
85501
85509
85515
85519
85523
85541
85548
85551
85551
85560
85563
85582
85582
85585
85594
85614
85619
85619
85620
85620
85621
85621
85642
85645
85658
85664
85668
85694
85702
85710
85716
85724
85730
85782
85799
85805
85840
85841
85855
85863
85891
85896
85908
85933
85935
85946
85956
85970
85980
85983
85994
85995
86018
86029
86029
86033
86039
86040
86050
86052
86066
86094
86137
86160
86161
86163
86165
86165
86181
86194
86201
86214
86222
86227
86235
86235
86252
86260
86274
86287
86300
86301
86321
86322
86335
86339
86342
86350
86367
86387
86417
86419
86454
86489
86491
86498
86499
86522
86526
86526
86533
86535
86549
86557
86561
86576
86584
86589
86601
86632
86639
86648
86650
86661
86669
86672
86681
86686
86690
86694
86695
86698
86701
86708
86738
86748
86761
86763
86768
86786
86791
86793
86797
86800
86803
86820
86833
86834
86846
86867
86881
86884
86897
86904
86905
86913
86919
86947
86951
86958
86960
86960
86975
86975
86979
86995
87008
87009
87014
87019
87039
87066
87085
87090
87099
87107
87116
87127
87134
87140
87142
87147
87152
87155
87158
87168
87171
87172
87172
87173
87202
87217
87227
87230
87235
87252
87258
87265
87268
87274
87276
87280
87289
87304
87308
87317
87349
87349
87373
87408
87415
87417
87428
87440
87467
87484
87485
87487
87489
87490
87497
87512
87516
87539
87542
87547
87574
87582
87591
87591
87599
87605
87668
87675
87680
87689
87699
87705
87707
87709
87716
87722
87726
87748
87769
87773
87778
87790
87801
87801
87811
87812
87825
87848
87864
87869
87889
87907
87911
87921
87922
87924
87939
87955
87958
87973
87979
87984
87989
88002
88007
88027
88063
88065
88087
88098
88105
88111
88113
88128
88129
88135
88156
88170
88180
88187
88211
88220
88225
88239
88241
88244
88245
88261
88286
88289
88290
88291
88292
88308
88311
88313
88314
88331
88342
88346
88360
88368
88397
88398
88404
88406
88408
88415
88424
88438
88440
88452
88455
88464
88468
88484
88513
88542
88557
88564
88591
88595
88613
88622
88624
88660
88661
88678
88681
88696
88699
88727
88736
88736
88753
88762
88767
88770
88785
88806
88809
88818
88828
88854
88864
88865
88873
88876
88882
88891
88906
88939
88950
88974
88978
88993
88999
89021
89065
89067
89112
89119
89123
89127
89143
89145
89146
89148
89154
89154
89166
89193
89196
89206
89217
89261
89263
89275
89306
89311
89312
89344
89396
89426
89433
89453
89458
89469
89476
89478
89483
89485
89514
89515
89518
89522
89529
89536
89562
89577
89585
89585
89607
89610
89633
89635
89637
89650
89658
89670
89674
89688
89697
89709
89723
89726
89732
89735
89736
89754
89760
89765
89777
89779
89800
89814
89814
89820
89831
89848
89867
89875
89877
89885
89889
89893
89894
89899
89924
89926
89929
89938
89944
89947
89951
89957
89968
89977
89977
89981
89982
90007
90021
90038
90052
90056
90083
90087
90106
90120
90138
90154
90165
90169
90172
90175
90182
90202
90218
90221
90226
90231
90231
90233
90238
90250
90251
90254
90265
90270
90291
90291
90313
90317
90318
90323
90323
90326
90327
90334
90334
90336
90339
90343
90350
90369
90377
90390
90400
90419
90420
90420
90422
90430
90431
90457
90466
90469
90475
90479
90482
90483
90486
90509
90510
90514
90514
90534
90536
90547
90549
90555
90563
90581
90598
90606
90630
90632
90642
90651
90657
90659
90672
90678
90694
90697
90700
90708
90719
90722
90732
90757
90760
90764
90780
90795
90797
90812
90822
90829
90834
90836
90837
90859
90868
90876
90896
90936
90943
90944
90954
90974
90975
90983
90996
90999
91000
91025
91036
91052
91074
91110
91115
91124
91135
91137
91138
91152
91154
91159
91159
91170
91172
91173
91173
91180
91198
91218
91226
91235
91264
91271
91272
91279
91287
91287
91296
91302
91311
91334
91338
91343
91346
91348
91356
91363
91373
91382
91402
91403
91413
91437
91445
91450
91452
91459
91465
91468
91474
91479
91487
91516
91535
91536
91536
91544
91558
91558
91569
91575
91575
91592
91592
91600
91601
91607
91609
91609
91613
91623
91629
91632
91650
91650
91658
91685
91687
91691
91733
91737
91755
91757
91759
91775
91780
91789
91805
91823
91834
91841
91863
91867
91867
91889
91899
91904
91932
91942
91945
91972
91983
91991
91991
92006
92007
92024
92034
92043
92049
92052
92060
92071
92072
92080
92082
92084
92098
92098
92101
92102
92112
92118
92124
92127
92136
92165
92179
92180
92192
92194
92200
92209
92214
92236
92245
92247
92255
92260
92271
92273
92289
92299
92309
92326
92328
92330
92340
92366
92381
92386
92403
92406
92419
92423
92460
92462
92468
92487
92497
92513
92513
92530
92584
92584
92585
92585
92588
92592
92609
92616
92622
92650
92662
92703
92704
92718
92758
92759
92763
92763
92765
92765
92775
92780
92783
92785
92787
92796
92806
92827
92838
92848
92876
92888
92898
92908
92909
92914
92924
92929
92931
92955
92980
92988
92998
93003
93010
93022
93025
93032
93035
93050
93081
93082
93113
93116
93122
93131
93149
93165
93176
93181
93202
93213
93216
93216
93232
93232
93247
93256
93265
93298
93302
93302
93318
93320
93337
93349
93349
93360
93391
93393
93425
93441
93442
93446
93449
93452
93473
93484
93498
93498
93512
93524
93537
93550
93559
93583
93587
93592
93598
93603
93605
93611
93622
93623
93628
93639
93642
93644
93652
93662
93663
93679
93686
93687
93689
93695
93698
93705
93708
93748
93753
93768
93776
93789
93828
93829
93830
93832
93844
93849
93857
93864
93872
93873
93876
93876
93899
93903
93907
93909
93909
93910
93923
93932
93937
93947
93967
93969
93979
93984
93987
93990
93992
94004
94009
94022
94032
94044
94047
94048
94052
94056
94068
94071
94085
94092
94128
94131
94135
94136
94141
94151
94154
94155
94163
94163
94181
94186
94188
94188
94191
94198
94199
94204
94208
94213
94222
94235
94237
94241
94244
94249
94254
94266
94275
94277
94282
94283
94288
94301
94327
94332
94339
94364
94382
94408
94409
94410
94411
94429
94436
94449
94452
94469
94480
94485
94485
94513
94514
94543
94548
94556
94590
94606
94642
94648
94661
94666
94678
94685
94696
94722
94724
94739
94741
94764
94773
94801
94804
94809
94813
94815
94819
94820
94827
94835
94837
94842
94845
94865
94868
94872
94887
94891
94905
94905
94914
94921
94925
94937
94966
94969
94972
94987
95008
95010
95026
95047
95055
95066
95068
95070
95074
95075
95080
95082
95097
95115
95126
95127
95134
95138
95144
95165
95168
95170
95170
95171
95175
95175
95185
95188
95194
95201
95203
95228
95232
95242
95245
95253
95254
95259
95277
95283
95287
95308
95313
95316
95318
95378
95387
95400
95413
95414
95420
95426
95478
95481
95488
95491
95496
95500
95504
95516
95519
95530
95532
95536
95540
95548
95558
95570
95575
95578
95594
95599
95601
95616
95620
95633
95647
95662
95687
95693
95694
95706
95710
95715
95722
95732
95760
95769
95780
95822
95826
95828
95851
95852
95862
95878
95882
95884
95898
95907
95922
95954
95959
95963
95983
95994
95996
95997
96002
96054
96061
96073
96081
96085
96092
96093
96093
96096
96118
96126
96134
96139
96149
96161
96209
96215
96231
96244
96245
96262
96264
96309
96319
96334
96351
96356
96365
96366
96380
96388
96401
96415
96418
96426
96428
96437
96448
96457
96474
96481
96481
96486
96502
96516
96521
96523
96523
96550
96561
96591
96611
96640
96643
96698
96698
96709
96710
96724
96726
96754
96759
96767
96767
96769
96770
96771
96785
96788
96789
96838
96855
96855
96863
96869
96869
96871
96892
96896
96903
96929
96930
96937
96937
96954
96955
96963
96969
96992
97044
97059
97103
97115
97143
97159
97173
97178
97184
97198
97216
97230
97237
97260
97286
97288
97289
97293
97299
97302
97306
97308
97312
97313
97315
97318
97330
97338
97341
97362
97378
97379
97390
97401
97402
97404
97408
97409
97415
97423
97427
97453
97453
97464
97496
97497
97504
97526
97527
97544
97551
97551
97556
97582
97592
97616
97633
97644
97662
97686
97694
97696
97707
97721
97727
97760
97775
97790
97799
97806
97813
97828
97828
97843
97844
97846
97847
97854
97861
97862
97880
97892
97895
97901
97902
97903
97907
97909
97920
97937
97942
97994
98003
98022
98039
98046
98054
98064
98075
98080
98086
98088
98089
98100
98102
98111
98115
98140
98160
98176
98185
98197
98229
98242
98248
98266
98280
98284
98343
98359
98367
98392
98404
98407
98410
98419
98429
98445
98467
98473
98482
98497
98505
98508
98510
98531
98538
98542
98550
98577
98587
98587
98589
98601
98607
98646
98659
98672
98676
98678
98701
98724
98736
98741
98762
98785
98794
98802
98808
98830
98839
98853
98871
98918
98943
98946
98947
98952
98952
98956
98972
98982
99001
99002
99011
99024
99035
99042
99054
99058
99059
99099
99116
99116
99122
99131
99135
99145
99155
99160
99165
99166
99169
99177
99179
99185
99198
99202
99226
99231
99246
99262
99266
99268
99277
99285
99314
99324
99407
99421
99451
99500
99500
99506
99517
99529
99535
99538
99566
99582
99585
99616
99631
99632
99642
99653
99657
99664
99667
99709
99722
99726
99726
99731
99738
99756
99769
99773
99777
99781
99790
99794
99795
99795
99812
99817
99827
99837
99841
99844
99871
99886
99889
99891
99896
99905
99924
99926
99931
99934
99961
99995
99995
